,close,date,high,low,open
0,1.26603,2024-02-29 00:00:00,1.26626,1.26603,1.26616
1,1.26616,2024-02-29 00:05:00,1.26625,1.26604,1.26604
2,1.26614,2024-02-29 00:10:00,1.26619,1.26604,1.26616
3,1.2661,2024-02-29 00:15:00,1.26615,1.26606,1.26615
4,1.26612,2024-02-29 00:20:00,1.26621,1.26604,1.2661
5,1.26605,2024-02-29 00:25:00,1.26616,1.26605,1.26612
6,1.26594,2024-02-29 00:30:00,1.2661,1.2659,1.26605
7,1.26588,2024-02-29 00:35:00,1.26598,1.26588,1.26593
8,1.26588,2024-02-29 00:40:00,1.26592,1.26573,1.26588
9,1.26604,2024-02-29 00:45:00,1.26605,1.26585,1.26589
10,1.26599,2024-02-29 00:50:00,1.26606,1.26574,1.26604
11,1.26611,2024-02-29 00:55:00,1.26616,1.26587,1.26599
12,1.26647,2024-02-29 01:00:00,1.26655,1.26612,1.26612
13,1.26644,2024-02-29 01:05:00,1.26656,1.26621,1.26646
14,1.26614,2024-02-29 01:10:00,1.26644,1.26608,1.26644
15,1.2663,2024-02-29 01:15:00,1.26646,1.26607,1.26614
16,1.26623,2024-02-29 01:20:00,1.26632,1.26615,1.2663
17,1.26641,2024-02-29 01:25:00,1.26645,1.26621,1.26622
18,1.2664,2024-02-29 01:30:00,1.26648,1.26627,1.26642
19,1.26654,2024-02-29 01:35:00,1.26665,1.2664,1.2664
20,1.26663,2024-02-29 01:40:00,1.2667,1.26652,1.26654
21,1.2662,2024-02-29 01:45:00,1.26665,1.26614,1.26664
22,1.26604,2024-02-29 01:50:00,1.26621,1.266,1.2662
23,1.26593,2024-02-29 01:55:00,1.2661,1.2657,1.26604
24,1.266,2024-02-29 02:00:00,1.2662,1.26588,1.26594
25,1.26611,2024-02-29 02:05:00,1.26616,1.26585,1.26599
26,1.2663,2024-02-29 02:10:00,1.26635,1.26606,1.26612
27,1.26625,2024-02-29 02:15:00,1.26634,1.26612,1.2663
28,1.26662,2024-02-29 02:20:00,1.26665,1.26623,1.26624
29,1.26664,2024-02-29 02:25:00,1.26678,1.26654,1.26663
30,1.26664,2024-02-29 02:30:00,1.26668,1.26633,1.26665
31,1.26664,2024-02-29 02:35:00,1.26667,1.26651,1.26664
32,1.26657,2024-02-29 02:40:00,1.26667,1.26648,1.26665
33,1.26646,2024-02-29 02:45:00,1.26658,1.26644,1.26656
34,1.26674,2024-02-29 02:50:00,1.26677,1.26644,1.26647
35,1.26683,2024-02-29 02:55:00,1.26689,1.26668,1.26674
36,1.26695,2024-02-29 03:00:00,1.26699,1.26678,1.26684
37,1.26666,2024-02-29 03:05:00,1.26698,1.26664,1.26696
38,1.26678,2024-02-29 03:10:00,1.2669,1.26655,1.26666
39,1.26667,2024-02-29 03:15:00,1.26678,1.26665,1.26678
40,1.26657,2024-02-29 03:20:00,1.26668,1.26655,1.26668
41,1.26672,2024-02-29 03:25:00,1.2668,1.26655,1.26656
42,1.26673,2024-02-29 03:30:00,1.26678,1.26667,1.26671
43,1.26688,2024-02-29 03:35:00,1.26688,1.2667,1.26672
44,1.26675,2024-02-29 03:40:00,1.26691,1.2667,1.26688
45,1.26678,2024-02-29 03:45:00,1.26686,1.26675,1.26675
46,1.26682,2024-02-29 03:50:00,1.26686,1.26677,1.26677
47,1.26682,2024-02-29 03:55:00,1.26692,1.26681,1.26683
48,1.26672,2024-02-29 04:00:00,1.26682,1.2667,1.26682
49,1.26688,2024-02-29 04:05:00,1.26688,1.2667,1.26672
50,1.26694,2024-02-29 04:10:00,1.26698,1.26678,1.26688
51,1.26692,2024-02-29 04:15:00,1.26702,1.26684,1.26694
52,1.26711,2024-02-29 04:20:00,1.26715,1.26688,1.26692
53,1.26693,2024-02-29 04:25:00,1.26714,1.26688,1.2671
54,1.26702,2024-02-29 04:30:00,1.26702,1.26686,1.26693
55,1.26688,2024-02-29 04:35:00,1.26702,1.26685,1.26701
56,1.2669,2024-02-29 04:40:00,1.26694,1.26684,1.26688
57,1.26662,2024-02-29 04:45:00,1.26693,1.26652,1.26692
58,1.26662,2024-02-29 04:50:00,1.26667,1.26655,1.26661
59,1.26675,2024-02-29 04:55:00,1.26684,1.26662,1.26663
60,1.26686,2024-02-29 05:00:00,1.26696,1.26677,1.26678
61,1.26664,2024-02-29 05:05:00,1.26695,1.26664,1.26687
62,1.26661,2024-02-29 05:10:00,1.26665,1.26644,1.26664
63,1.26654,2024-02-29 05:15:00,1.26664,1.26647,1.26662
64,1.26662,2024-02-29 05:20:00,1.26664,1.26642,1.26653
65,1.2664,2024-02-29 05:25:00,1.26662,1.26634,1.26662
66,1.26645,2024-02-29 05:30:00,1.2665,1.26624,1.26641
67,1.26652,2024-02-29 05:35:00,1.26653,1.2664,1.26646
68,1.26667,2024-02-29 05:40:00,1.26668,1.26644,1.26653
69,1.26677,2024-02-29 05:45:00,1.26684,1.26668,1.26668
70,1.26683,2024-02-29 05:50:00,1.26686,1.2667,1.26678
71,1.26666,2024-02-29 05:55:00,1.26685,1.26656,1.26682
72,1.26655,2024-02-29 06:00:00,1.26668,1.26646,1.26666
73,1.26621,2024-02-29 06:05:00,1.26662,1.2662,1.26657
74,1.26624,2024-02-29 06:10:00,1.26633,1.2662,1.26621
75,1.26639,2024-02-29 06:15:00,1.26654,1.26619,1.26624
76,1.26634,2024-02-29 06:20:00,1.26642,1.26624,1.2664
77,1.26644,2024-02-29 06:25:00,1.26647,1.26631,1.26632
78,1.26657,2024-02-29 06:30:00,1.26662,1.26644,1.26644
79,1.26671,2024-02-29 06:35:00,1.26686,1.26656,1.26656
80,1.26665,2024-02-29 06:40:00,1.26676,1.26652,1.26672
81,1.26654,2024-02-29 06:45:00,1.2667,1.26643,1.26665
82,1.2666,2024-02-29 06:50:00,1.26662,1.26642,1.26654
83,1.26641,2024-02-29 06:55:00,1.26662,1.26636,1.2666
84,1.26635,2024-02-29 07:00:00,1.26644,1.26601,1.26642
85,1.26673,2024-02-29 07:05:00,1.2668,1.26623,1.26634
86,1.26634,2024-02-29 07:10:00,1.26678,1.26632,1.26674
87,1.26634,2024-02-29 07:15:00,1.26653,1.26623,1.26634
88,1.26616,2024-02-29 07:20:00,1.26637,1.26604,1.26633
89,1.2659,2024-02-29 07:25:00,1.26617,1.26571,1.26617
90,1.26576,2024-02-29 07:30:00,1.26601,1.2657,1.26589
91,1.26588,2024-02-29 07:35:00,1.26599,1.26542,1.26576
92,1.26624,2024-02-29 07:40:00,1.26634,1.26584,1.26588
93,1.26558,2024-02-29 07:45:00,1.26644,1.26538,1.26625
94,1.2656,2024-02-29 07:50:00,1.2658,1.2653,1.26557
95,1.26542,2024-02-29 07:55:00,1.26566,1.26528,1.2656
96,1.26593,2024-02-29 08:00:00,1.26634,1.26537,1.26541
97,1.26586,2024-02-29 08:05:00,1.2662,1.26582,1.26594
98,1.26596,2024-02-29 08:10:00,1.26601,1.26544,1.26587
99,1.26676,2024-02-29 08:15:00,1.26688,1.26593,1.26596
100,1.26654,2024-02-29 08:20:00,1.26684,1.2664,1.26677
101,1.26648,2024-02-29 08:25:00,1.2667,1.26627,1.26654
102,1.26646,2024-02-29 08:30:00,1.26666,1.2663,1.26649
103,1.26667,2024-02-29 08:35:00,1.26678,1.26642,1.26648
104,1.26676,2024-02-29 08:40:00,1.26696,1.26662,1.26668
105,1.26667,2024-02-29 08:45:00,1.26684,1.26651,1.26675
106,1.26654,2024-02-29 08:50:00,1.26678,1.26642,1.26666
107,1.26645,2024-02-29 08:55:00,1.2667,1.26615,1.26654
108,1.2669,2024-02-29 09:00:00,1.26695,1.26632,1.26646
109,1.26724,2024-02-29 09:05:00,1.26746,1.26688,1.2669
110,1.26674,2024-02-29 09:10:00,1.26725,1.26662,1.26725
111,1.2665,2024-02-29 09:15:00,1.2668,1.26621,1.26673
112,1.26626,2024-02-29 09:20:00,1.26657,1.26613,1.2665
113,1.26585,2024-02-29 09:25:00,1.26628,1.26581,1.26626
114,1.26618,2024-02-29 09:30:00,1.26625,1.26586,1.26586
115,1.26586,2024-02-29 09:35:00,1.26624,1.26561,1.26619
116,1.26608,2024-02-29 09:40:00,1.2661,1.26573,1.26587
117,1.26617,2024-02-29 09:45:00,1.26618,1.26582,1.26608
118,1.26658,2024-02-29 09:50:00,1.26659,1.26606,1.26618
119,1.26665,2024-02-29 09:55:00,1.26678,1.26632,1.26658
120,1.26714,2024-02-29 10:00:00,1.26726,1.26665,1.26665
121,1.26709,2024-02-29 10:05:00,1.26746,1.26694,1.26714
122,1.26695,2024-02-29 10:10:00,1.2672,1.26684,1.26708
123,1.26714,2024-02-29 10:15:00,1.26714,1.26688,1.26695
124,1.26698,2024-02-29 10:20:00,1.26728,1.26683,1.26715
125,1.26676,2024-02-29 10:25:00,1.26708,1.26674,1.26698
126,1.26649,2024-02-29 10:30:00,1.2669,1.26644,1.26676
127,1.26619,2024-02-29 10:35:00,1.26649,1.26596,1.26649
128,1.26603,2024-02-29 10:40:00,1.2664,1.26603,1.26619
129,1.26621,2024-02-29 10:45:00,1.26628,1.26587,1.26602
130,1.26601,2024-02-29 10:50:00,1.26634,1.26588,1.2662
131,1.26581,2024-02-29 10:55:00,1.26602,1.26578,1.266
132,1.26588,2024-02-29 11:00:00,1.26617,1.26572,1.2658
133,1.2663,2024-02-29 11:05:00,1.2663,1.26576,1.26587
134,1.26633,2024-02-29 11:10:00,1.26654,1.26606,1.26629
135,1.26634,2024-02-29 11:15:00,1.2664,1.2659,1.26632
136,1.26636,2024-02-29 11:20:00,1.26652,1.26628,1.26635
137,1.26552,2024-02-29 11:25:00,1.26637,1.26552,1.26637
138,1.2655,2024-02-29 11:30:00,1.2658,1.2654,1.26553
139,1.26506,2024-02-29 11:35:00,1.26554,1.26484,1.26549
140,1.2649,2024-02-29 11:40:00,1.26537,1.26484,1.26506
141,1.26516,2024-02-29 11:45:00,1.2653,1.2648,1.2649
142,1.26566,2024-02-29 11:50:00,1.26566,1.26503,1.26515
143,1.26512,2024-02-29 11:55:00,1.2657,1.26504,1.26566
144,1.26497,2024-02-29 12:00:00,1.26537,1.26485,1.26512
145,1.26478,2024-02-29 12:05:00,1.26512,1.26468,1.26496
146,1.26437,2024-02-29 12:10:00,1.2648,1.2642,1.26477
147,1.2646,2024-02-29 12:15:00,1.26492,1.26433,1.26436
148,1.2639,2024-02-29 12:20:00,1.2646,1.2639,1.2646
149,1.26403,2024-02-29 12:25:00,1.26419,1.2638,1.26391
150,1.26449,2024-02-29 12:30:00,1.26465,1.26402,1.26405
151,1.2644,2024-02-29 12:35:00,1.2647,1.26436,1.2645
152,1.26453,2024-02-29 12:40:00,1.26471,1.2644,1.2644
153,1.2643,2024-02-29 12:45:00,1.26463,1.26424,1.26454
154,1.26432,2024-02-29 12:50:00,1.26454,1.26427,1.2643
155,1.26427,2024-02-29 12:55:00,1.26444,1.26419,1.26433
156,1.26357,2024-02-29 13:00:00,1.26427,1.26353,1.26426
157,1.26389,2024-02-29 13:05:00,1.26397,1.26351,1.26356
158,1.26378,2024-02-29 13:10:00,1.26396,1.26357,1.26388
159,1.26404,2024-02-29 13:15:00,1.2641,1.26374,1.26376
160,1.2643,2024-02-29 13:20:00,1.2645,1.26403,1.26404
161,1.26401,2024-02-29 13:25:00,1.2643,1.26365,1.2643
162,1.26464,2024-02-29 13:30:00,1.26582,1.2638,1.264
163,1.26455,2024-02-29 13:35:00,1.26514,1.26447,1.26464
164,1.26504,2024-02-29 13:40:00,1.26534,1.26434,1.26455
165,1.26551,2024-02-29 13:45:00,1.26552,1.26486,1.26504
166,1.26526,2024-02-29 13:50:00,1.26568,1.26499,1.2655
167,1.26523,2024-02-29 13:55:00,1.26558,1.26514,1.26526
168,1.2659,2024-02-29 14:00:00,1.26594,1.26514,1.26524
169,1.26615,2024-02-29 14:05:00,1.26631,1.26575,1.26589
170,1.26646,2024-02-29 14:10:00,1.26676,1.26615,1.26615
171,1.26634,2024-02-29 14:15:00,1.2666,1.26603,1.26645
172,1.26665,2024-02-29 14:20:00,1.26672,1.26634,1.26634
173,1.26656,2024-02-29 14:25:00,1.2668,1.26646,1.26666
174,1.26636,2024-02-29 14:30:00,1.26672,1.26633,1.26658
175,1.26591,2024-02-29 14:35:00,1.26642,1.26564,1.26636
176,1.26654,2024-02-29 14:40:00,1.26668,1.26563,1.26589
177,1.26644,2024-02-29 14:45:00,1.2668,1.26642,1.26654
178,1.2663,2024-02-29 14:50:00,1.26685,1.2663,1.26644
179,1.26674,2024-02-29 14:55:00,1.26684,1.2662,1.2663
180,1.26755,2024-02-29 15:00:00,1.26798,1.26676,1.26676
181,1.26794,2024-02-29 15:05:00,1.2682,1.26756,1.26756
182,1.26777,2024-02-29 15:10:00,1.26802,1.26746,1.26794
183,1.26745,2024-02-29 15:15:00,1.26784,1.26742,1.26776
184,1.26746,2024-02-29 15:20:00,1.26783,1.26732,1.26744
185,1.26754,2024-02-29 15:25:00,1.26782,1.26727,1.26746
186,1.26692,2024-02-29 15:30:00,1.26781,1.26673,1.26754
187,1.26722,2024-02-29 15:35:00,1.26722,1.26692,1.26693
188,1.26667,2024-02-29 15:40:00,1.26754,1.26665,1.26722
189,1.26626,2024-02-29 15:45:00,1.26669,1.26615,1.26666
190,1.26445,2024-02-29 15:50:00,1.26634,1.26444,1.26626
191,1.26499,2024-02-29 15:55:00,1.26514,1.26436,1.26444
192,1.26466,2024-02-29 16:00:00,1.26513,1.26447,1.265
193,1.2641,2024-02-29 16:05:00,1.26477,1.26401,1.26467
194,1.2637,2024-02-29 16:10:00,1.26439,1.2637,1.2641
195,1.26358,2024-02-29 16:15:00,1.2639,1.26332,1.26371
196,1.26365,2024-02-29 16:20:00,1.26386,1.26322,1.26359
197,1.26336,2024-02-29 16:25:00,1.2638,1.26334,1.26366
198,1.2636,2024-02-29 16:30:00,1.26369,1.26329,1.26336
199,1.2636,2024-02-29 16:35:00,1.26405,1.2635,1.26361
200,1.2636,2024-02-29 16:40:00,1.2637,1.2633,1.2636
201,1.26379,2024-02-29 16:45:00,1.26388,1.26346,1.26358
202,1.26349,2024-02-29 16:50:00,1.26387,1.26347,1.26378
203,1.26318,2024-02-29 16:55:00,1.26356,1.2631,1.2635
204,1.26312,2024-02-29 17:00:00,1.2632,1.26262,1.26316
205,1.2629,2024-02-29 17:05:00,1.26314,1.26273,1.2631
206,1.26275,2024-02-29 17:10:00,1.2629,1.26263,1.2629
207,1.26217,2024-02-29 17:15:00,1.2628,1.26209,1.26274
208,1.26198,2024-02-29 17:20:00,1.26229,1.26188,1.26218
209,1.26188,2024-02-29 17:25:00,1.2622,1.26175,1.26197
210,1.2618,2024-02-29 17:30:00,1.26188,1.26152,1.26187
211,1.2619,2024-02-29 17:35:00,1.26196,1.26165,1.2618
212,1.26205,2024-02-29 17:40:00,1.26212,1.26171,1.2619
213,1.26189,2024-02-29 17:45:00,1.26211,1.26182,1.26203
214,1.26204,2024-02-29 17:50:00,1.26205,1.26168,1.26189
215,1.26176,2024-02-29 17:55:00,1.26205,1.26175,1.26203
216,1.26166,2024-02-29 18:00:00,1.2618,1.26143,1.26175
217,1.26166,2024-02-29 18:05:00,1.26169,1.26146,1.26166
218,1.26163,2024-02-29 18:10:00,1.26169,1.26156,1.26166
219,1.26176,2024-02-29 18:15:00,1.26189,1.2616,1.26162
220,1.2619,2024-02-29 18:20:00,1.2619,1.26171,1.26176
221,1.26208,2024-02-29 18:25:00,1.2623,1.26189,1.2619
222,1.26207,2024-02-29 18:30:00,1.26211,1.26196,1.26208
223,1.26196,2024-02-29 18:35:00,1.26208,1.26194,1.26208
224,1.26166,2024-02-29 18:40:00,1.26219,1.26166,1.26196
225,1.26205,2024-02-29 18:45:00,1.26206,1.26163,1.26165
226,1.26226,2024-02-29 18:50:00,1.26227,1.26205,1.26205
227,1.26249,2024-02-29 18:55:00,1.26259,1.26206,1.26226
228,1.26249,2024-02-29 19:00:00,1.26262,1.26237,1.26249
229,1.2624,2024-02-29 19:05:00,1.26252,1.26221,1.2625
230,1.2624,2024-02-29 19:10:00,1.26244,1.26214,1.26242
231,1.26269,2024-02-29 19:15:00,1.26279,1.26238,1.26239
232,1.26259,2024-02-29 19:20:00,1.26277,1.26254,1.2627
233,1.26244,2024-02-29 19:25:00,1.2626,1.2624,1.2626
234,1.26228,2024-02-29 19:30:00,1.26249,1.26222,1.26243
235,1.26196,2024-02-29 19:35:00,1.26235,1.26194,1.26227
236,1.26146,2024-02-29 19:40:00,1.26208,1.26145,1.26197
237,1.26164,2024-02-29 19:45:00,1.26174,1.26142,1.26146
238,1.26162,2024-02-29 19:50:00,1.26166,1.2616,1.26165
239,1.26136,2024-02-29 19:55:00,1.26164,1.26127,1.26163
240,1.26156,2024-02-29 20:00:00,1.26178,1.2614,1.2614
241,1.26146,2024-02-29 20:05:00,1.26156,1.26141,1.26156
242,1.26145,2024-02-29 20:10:00,1.26165,1.26144,1.26147
243,1.26161,2024-02-29 20:15:00,1.26163,1.26145,1.26145
244,1.26176,2024-02-29 20:20:00,1.26178,1.2616,1.26162
245,1.26176,2024-02-29 20:25:00,1.26188,1.2617,1.26177
246,1.26195,2024-02-29 20:30:00,1.26198,1.2617,1.26178
247,1.26209,2024-02-29 20:35:00,1.26216,1.26195,1.26195
248,1.26218,2024-02-29 20:40:00,1.26236,1.26209,1.2621
249,1.26221,2024-02-29 20:45:00,1.26228,1.26206,1.26218
250,1.26239,2024-02-29 20:50:00,1.2624,1.2622,1.26221
251,1.26239,2024-02-29 20:55:00,1.26252,1.26231,1.2624
252,1.26226,2024-02-29 21:00:00,1.26242,1.26226,1.26238
253,1.2622,2024-02-29 21:05:00,1.26227,1.26206,1.26225
254,1.2622,2024-02-29 21:10:00,1.26226,1.26218,1.2622
255,1.26221,2024-02-29 21:15:00,1.26227,1.26218,1.26219
256,1.26218,2024-02-29 21:20:00,1.26225,1.26217,1.26223
257,1.26232,2024-02-29 21:25:00,1.26235,1.26214,1.26219
258,1.26239,2024-02-29 21:30:00,1.2624,1.26226,1.26231
259,1.26239,2024-02-29 21:35:00,1.26242,1.26236,1.26239
260,1.26239,2024-02-29 21:40:00,1.26242,1.26237,1.26239
261,1.2624,2024-02-29 21:45:00,1.26259,1.26238,1.26238
262,1.26245,2024-02-29 21:50:00,1.26247,1.26238,1.2624
263,1.26246,2024-02-29 21:55:00,1.26251,1.26239,1.26245
264,1.26225,2024-02-29 22:05:00,1.26234,1.26214,1.26224
265,1.26225,2024-02-29 22:10:00,1.2623,1.26211,1.26211
266,1.26242,2024-02-29 22:15:00,1.2625,1.26225,1.26233
267,1.26232,2024-02-29 22:20:00,1.26247,1.26219,1.26247
268,1.26247,2024-02-29 22:25:00,1.26249,1.26228,1.26234
269,1.26244,2024-02-29 22:30:00,1.26255,1.2624,1.26244
270,1.26239,2024-02-29 22:35:00,1.26252,1.26236,1.26244
271,1.26244,2024-02-29 22:40:00,1.26256,1.26227,1.26239
272,1.26238,2024-02-29 22:45:00,1.2626,1.26231,1.26245
273,1.2626,2024-02-29 22:50:00,1.26263,1.2623,1.26237
274,1.26242,2024-02-29 22:55:00,1.26265,1.26233,1.2626
275,1.26239,2024-02-29 23:00:00,1.26255,1.26235,1.26242
276,1.2624,2024-02-29 23:05:00,1.26244,1.26233,1.26238
277,1.26239,2024-02-29 23:10:00,1.26243,1.26233,1.26239
278,1.26238,2024-02-29 23:15:00,1.2624,1.26237,1.26238
279,1.2623,2024-02-29 23:20:00,1.2624,1.26228,1.26238
280,1.26249,2024-02-29 23:25:00,1.26249,1.2623,1.2623
281,1.26239,2024-02-29 23:30:00,1.2625,1.26234,1.26249
282,1.26229,2024-02-29 23:35:00,1.26237,1.26221,1.26237
283,1.26221,2024-02-29 23:40:00,1.26235,1.26221,1.26228
284,1.2623,2024-02-29 23:45:00,1.26232,1.26219,1.26221
285,1.26248,2024-02-29 23:50:00,1.26249,1.26229,1.26231
286,1.26268,2024-02-29 23:55:00,1.26268,1.26248,1.26249
287,1.26256,2024-03-01 00:00:00,1.26277,1.26246,1.2627
288,1.2627,2024-03-01 00:05:00,1.26277,1.26247,1.26257
289,1.26275,2024-03-01 00:10:00,1.26278,1.26268,1.2627
290,1.26259,2024-03-01 00:15:00,1.26276,1.26258,1.26276
291,1.2625,2024-03-01 00:20:00,1.26269,1.26249,1.26258
292,1.26247,2024-03-01 00:25:00,1.26259,1.26246,1.2625
293,1.26239,2024-03-01 00:30:00,1.2625,1.26236,1.26246
294,1.26258,2024-03-01 00:35:00,1.26263,1.26236,1.26238
295,1.26266,2024-03-01 00:40:00,1.26273,1.26258,1.26258
296,1.26256,2024-03-01 00:45:00,1.26267,1.26251,1.26265
297,1.26273,2024-03-01 00:50:00,1.26276,1.26255,1.26256
298,1.26265,2024-03-01 00:55:00,1.26286,1.26264,1.26272
299,1.26265,2024-03-01 01:00:00,1.26282,1.26261,1.26263
300,1.26258,2024-03-01 01:05:00,1.26271,1.2625,1.26264
301,1.26266,2024-03-01 01:10:00,1.26273,1.26254,1.26258
302,1.26266,2024-03-01 01:15:00,1.26273,1.26256,1.26265
303,1.2626,2024-03-01 01:20:00,1.26274,1.2625,1.26265
304,1.26274,2024-03-01 01:25:00,1.26285,1.26258,1.26259
305,1.26298,2024-03-01 01:30:00,1.26311,1.26266,1.26274
306,1.26314,2024-03-01 01:35:00,1.26327,1.26295,1.26298
307,1.26316,2024-03-01 01:40:00,1.26325,1.26305,1.26314
308,1.26313,2024-03-01 01:45:00,1.26326,1.26312,1.26316
309,1.26323,2024-03-01 01:50:00,1.26336,1.26312,1.26312
310,1.26346,2024-03-01 01:55:00,1.26346,1.2632,1.26322
311,1.26347,2024-03-01 02:00:00,1.26355,1.26336,1.26345
312,1.26344,2024-03-01 02:05:00,1.26349,1.2634,1.26346
313,1.2633,2024-03-01 02:10:00,1.26346,1.26314,1.26344
314,1.26294,2024-03-01 02:15:00,1.26329,1.2629,1.26329
315,1.2631,2024-03-01 02:20:00,1.26314,1.26292,1.26295
316,1.26313,2024-03-01 02:25:00,1.26316,1.26301,1.2631
317,1.26312,2024-03-01 02:30:00,1.26324,1.26311,1.26314
318,1.26297,2024-03-01 02:35:00,1.26318,1.26294,1.26312
319,1.26315,2024-03-01 02:40:00,1.2632,1.26293,1.26296
320,1.26315,2024-03-01 02:45:00,1.26316,1.26306,1.26316
321,1.26318,2024-03-01 02:50:00,1.26327,1.26307,1.26316
322,1.26326,2024-03-01 02:55:00,1.26336,1.26316,1.26318
323,1.26326,2024-03-01 03:00:00,1.26331,1.26316,1.26327
324,1.26336,2024-03-01 03:05:00,1.26347,1.26326,1.26326
325,1.26336,2024-03-01 03:10:00,1.26349,1.26325,1.26336
326,1.26328,2024-03-01 03:15:00,1.26336,1.26325,1.26336
327,1.26326,2024-03-01 03:20:00,1.26335,1.26317,1.26328
328,1.26326,2024-03-01 03:25:00,1.26337,1.26323,1.26325
329,1.26324,2024-03-01 03:30:00,1.26335,1.26324,1.26326
330,1.26316,2024-03-01 03:35:00,1.26328,1.26314,1.26324
331,1.2632,2024-03-01 03:40:00,1.26328,1.26314,1.26316
332,1.26317,2024-03-01 03:45:00,1.2633,1.26314,1.26321
333,1.26326,2024-03-01 03:50:00,1.26327,1.26314,1.26316
334,1.26324,2024-03-01 03:55:00,1.26329,1.26315,1.26325
335,1.26324,2024-03-01 04:00:00,1.26329,1.26319,1.26325
336,1.26326,2024-03-01 04:05:00,1.26335,1.26324,1.26325
337,1.26327,2024-03-01 04:10:00,1.26331,1.26325,1.26326
338,1.26321,2024-03-01 04:15:00,1.2633,1.2632,1.26327
339,1.26326,2024-03-01 04:20:00,1.26327,1.26315,1.26322
340,1.2631,2024-03-01 04:25:00,1.26328,1.2631,1.26327
341,1.26298,2024-03-01 04:30:00,1.26312,1.26294,1.2631
342,1.26304,2024-03-01 04:35:00,1.26308,1.26297,1.26298
343,1.26294,2024-03-01 04:40:00,1.26309,1.26286,1.26304
344,1.26287,2024-03-01 04:45:00,1.26296,1.26284,1.26294
345,1.26289,2024-03-01 04:50:00,1.26293,1.26278,1.26286
346,1.26284,2024-03-01 04:55:00,1.2629,1.26281,1.2629
347,1.26296,2024-03-01 05:00:00,1.26307,1.26284,1.26285
348,1.26276,2024-03-01 05:05:00,1.26295,1.26274,1.26295
349,1.26278,2024-03-01 05:10:00,1.2628,1.26273,1.26276
350,1.26268,2024-03-01 05:15:00,1.2628,1.26259,1.26278
351,1.26256,2024-03-01 05:20:00,1.26278,1.26254,1.26268
352,1.26258,2024-03-01 05:25:00,1.26259,1.26252,1.26256
353,1.26268,2024-03-01 05:30:00,1.26268,1.26248,1.26258
354,1.26275,2024-03-01 05:35:00,1.26275,1.26258,1.26268
355,1.26271,2024-03-01 05:40:00,1.26278,1.26261,1.26276
356,1.26263,2024-03-01 05:45:00,1.26281,1.26262,1.26272
357,1.26274,2024-03-01 05:50:00,1.26274,1.26263,1.26264
358,1.26265,2024-03-01 05:55:00,1.26276,1.26256,1.26275
359,1.26278,2024-03-01 06:00:00,1.2628,1.2626,1.26264
360,1.26277,2024-03-01 06:05:00,1.26283,1.26273,1.26277
361,1.26285,2024-03-01 06:10:00,1.26291,1.26274,1.26278
362,1.26292,2024-03-01 06:15:00,1.26301,1.26284,1.26286
363,1.26286,2024-03-01 06:20:00,1.263,1.26285,1.26291
364,1.26276,2024-03-01 06:25:00,1.26285,1.26271,1.26285
365,1.26273,2024-03-01 06:30:00,1.26278,1.26264,1.26275
366,1.26276,2024-03-01 06:35:00,1.26278,1.26268,1.26271
367,1.26276,2024-03-01 06:40:00,1.2628,1.26272,1.26276
368,1.26274,2024-03-01 06:45:00,1.26279,1.26269,1.26276
369,1.26286,2024-03-01 06:50:00,1.2629,1.26273,1.26274
370,1.26281,2024-03-01 06:55:00,1.26294,1.26279,1.26287
371,1.26308,2024-03-01 07:00:00,1.26316,1.26268,1.2628
372,1.26338,2024-03-01 07:05:00,1.26343,1.26308,1.26309
373,1.26355,2024-03-01 07:10:00,1.26362,1.26336,1.26339
374,1.26328,2024-03-01 07:15:00,1.2637,1.26328,1.26355
375,1.26318,2024-03-01 07:20:00,1.2633,1.26307,1.26327
376,1.26299,2024-03-01 07:25:00,1.26321,1.26288,1.26318
377,1.2634,2024-03-01 07:30:00,1.26342,1.26286,1.263
378,1.26326,2024-03-01 07:35:00,1.26358,1.2631,1.26341
379,1.26314,2024-03-01 07:40:00,1.26332,1.263,1.26326
380,1.2633,2024-03-01 07:45:00,1.2633,1.26301,1.26315
381,1.26339,2024-03-01 07:50:00,1.26348,1.26324,1.2633
382,1.26315,2024-03-01 07:55:00,1.2635,1.26314,1.26338
383,1.2631,2024-03-01 08:00:00,1.26318,1.26286,1.26316
384,1.26304,2024-03-01 08:05:00,1.26335,1.26294,1.26312
385,1.26366,2024-03-01 08:10:00,1.26366,1.26303,1.26304
386,1.26398,2024-03-01 08:15:00,1.26405,1.26358,1.26366
387,1.26374,2024-03-01 08:20:00,1.26418,1.26374,1.26397
388,1.26366,2024-03-01 08:25:00,1.26378,1.26342,1.26374
389,1.26366,2024-03-01 08:30:00,1.26378,1.26346,1.26366
390,1.26366,2024-03-01 08:35:00,1.26389,1.2634,1.26366
391,1.26345,2024-03-01 08:40:00,1.26368,1.26344,1.26368
392,1.26346,2024-03-01 08:45:00,1.2637,1.26332,1.26345
393,1.26346,2024-03-01 08:50:00,1.26378,1.26343,1.26346
394,1.26305,2024-03-01 08:55:00,1.26351,1.26283,1.26347
395,1.26332,2024-03-01 09:00:00,1.2634,1.26302,1.26306
396,1.26319,2024-03-01 09:05:00,1.2637,1.26312,1.26333
397,1.26326,2024-03-01 09:10:00,1.26336,1.26261,1.26318
398,1.26288,2024-03-01 09:15:00,1.26326,1.26264,1.26325
399,1.26308,2024-03-01 09:20:00,1.26318,1.26277,1.26289
400,1.26298,2024-03-01 09:25:00,1.2631,1.26268,1.26308
401,1.26275,2024-03-01 09:30:00,1.26306,1.2626,1.26298
402,1.26275,2024-03-01 09:35:00,1.26285,1.26255,1.26276
403,1.26275,2024-03-01 09:40:00,1.26298,1.2626,1.26275
404,1.26302,2024-03-01 09:45:00,1.26316,1.26257,1.26276
405,1.26318,2024-03-01 09:50:00,1.26328,1.2629,1.26302
406,1.2631,2024-03-01 09:55:00,1.2634,1.26285,1.26318
407,1.26298,2024-03-01 10:00:00,1.26346,1.26293,1.2631
408,1.26318,2024-03-01 10:05:00,1.26326,1.26274,1.26297
409,1.26256,2024-03-01 10:10:00,1.2632,1.26234,1.26318
410,1.26186,2024-03-01 10:15:00,1.26268,1.26185,1.26256
411,1.26231,2024-03-01 10:20:00,1.26263,1.26178,1.26186
412,1.26219,2024-03-01 10:25:00,1.26249,1.26196,1.2623
413,1.26224,2024-03-01 10:30:00,1.2624,1.26205,1.26219
414,1.26262,2024-03-01 10:35:00,1.263,1.26226,1.26226
415,1.26316,2024-03-01 10:40:00,1.26326,1.26249,1.26263
416,1.26325,2024-03-01 10:45:00,1.26341,1.26308,1.26315
417,1.26308,2024-03-01 10:50:00,1.26337,1.26284,1.26326
418,1.26299,2024-03-01 10:55:00,1.26308,1.26289,1.26308
419,1.26336,2024-03-01 11:00:00,1.26336,1.26296,1.26298
420,1.26374,2024-03-01 11:05:00,1.26386,1.26333,1.26336
421,1.26337,2024-03-01 11:10:00,1.2638,1.26333,1.26374
422,1.26356,2024-03-01 11:15:00,1.26356,1.26326,1.26336
423,1.26366,2024-03-01 11:20:00,1.2637,1.26334,1.26356
424,1.26352,2024-03-01 11:25:00,1.26366,1.26333,1.26366
425,1.26397,2024-03-01 11:30:00,1.26406,1.26352,1.26352
426,1.26436,2024-03-01 11:35:00,1.26439,1.26394,1.26398
427,1.26439,2024-03-01 11:40:00,1.26468,1.26434,1.26437
428,1.26422,2024-03-01 11:45:00,1.26453,1.26421,1.26439
429,1.26424,2024-03-01 11:50:00,1.26454,1.26412,1.26423
430,1.2643,2024-03-01 11:55:00,1.26454,1.2642,1.26424
431,1.26402,2024-03-01 12:00:00,1.26454,1.26398,1.26431
432,1.26436,2024-03-01 12:05:00,1.26445,1.264,1.26401
433,1.26468,2024-03-01 12:10:00,1.26473,1.26434,1.26435
434,1.26456,2024-03-01 12:15:00,1.26469,1.26424,1.26468
435,1.26434,2024-03-01 12:20:00,1.26465,1.26416,1.26455
436,1.26415,2024-03-01 12:25:00,1.26445,1.26412,1.26433
437,1.26417,2024-03-01 12:30:00,1.26419,1.26395,1.26415
438,1.26395,2024-03-01 12:35:00,1.26418,1.26378,1.26418
439,1.26371,2024-03-01 12:40:00,1.26416,1.26366,1.26395
440,1.26392,2024-03-01 12:45:00,1.26398,1.26352,1.2637
441,1.26356,2024-03-01 12:50:00,1.26414,1.2635,1.26392
442,1.26305,2024-03-01 12:55:00,1.26363,1.26275,1.26358
443,1.26344,2024-03-01 13:00:00,1.26347,1.26287,1.26305
444,1.26336,2024-03-01 13:05:00,1.26356,1.26335,1.26345
445,1.26335,2024-03-01 13:10:00,1.26342,1.26302,1.26336
446,1.2627,2024-03-01 13:15:00,1.26331,1.26268,1.26331
447,1.26246,2024-03-01 13:20:00,1.26269,1.26238,1.26269
448,1.26319,2024-03-01 13:25:00,1.26325,1.26246,1.26246
449,1.26364,2024-03-01 13:30:00,1.26367,1.26315,1.2632
450,1.26327,2024-03-01 13:35:00,1.26368,1.26281,1.26365
451,1.26306,2024-03-01 13:40:00,1.2636,1.26302,1.26327
452,1.26299,2024-03-01 13:45:00,1.26346,1.26299,1.26305
453,1.26308,2024-03-01 13:50:00,1.26314,1.26291,1.263
454,1.26307,2024-03-01 13:55:00,1.2632,1.26288,1.26308
455,1.26305,2024-03-01 14:00:00,1.26334,1.2627,1.26306
456,1.26298,2024-03-01 14:05:00,1.26338,1.26296,1.26306
457,1.26326,2024-03-01 14:10:00,1.26328,1.26298,1.26299
458,1.26364,2024-03-01 14:15:00,1.26365,1.26322,1.26326
459,1.26263,2024-03-01 14:20:00,1.26371,1.26262,1.26364
460,1.2624,2024-03-01 14:25:00,1.26279,1.26236,1.26262
461,1.2624,2024-03-01 14:30:00,1.26259,1.26222,1.2624
462,1.26254,2024-03-01 14:35:00,1.26272,1.26226,1.26241
463,1.26161,2024-03-01 14:40:00,1.26254,1.26156,1.26254
464,1.26069,2024-03-01 14:45:00,1.26154,1.26032,1.26154
465,1.2605,2024-03-01 14:50:00,1.2608,1.2605,1.26068
466,1.26252,2024-03-01 14:55:00,1.26252,1.26,1.2605
467,1.26098,2024-03-01 15:00:00,1.26281,1.26075,1.2624
468,1.2616,2024-03-01 15:05:00,1.26216,1.261,1.261
469,1.26228,2024-03-01 15:10:00,1.26238,1.26156,1.2616
470,1.26302,2024-03-01 15:15:00,1.26322,1.26225,1.26228
471,1.26368,2024-03-01 15:20:00,1.2638,1.26292,1.26302
472,1.26425,2024-03-01 15:25:00,1.26452,1.26357,1.26368
473,1.26441,2024-03-01 15:30:00,1.2645,1.26368,1.26425
474,1.26376,2024-03-01 15:35:00,1.26447,1.2635,1.26442
475,1.26434,2024-03-01 15:40:00,1.26446,1.26352,1.26377
476,1.2652,2024-03-01 15:45:00,1.26527,1.26418,1.26434
477,1.26546,2024-03-01 15:50:00,1.26565,1.26516,1.26522
478,1.26532,2024-03-01 15:55:00,1.26553,1.26512,1.26547
479,1.26503,2024-03-01 16:00:00,1.26554,1.26474,1.26533
480,1.26481,2024-03-01 16:05:00,1.26507,1.26468,1.26502
481,1.26485,2024-03-01 16:10:00,1.26526,1.2646,1.26482
482,1.26452,2024-03-01 16:15:00,1.2651,1.26441,1.26486
483,1.2639,2024-03-01 16:20:00,1.26452,1.2639,1.26452
484,1.26357,2024-03-01 16:25:00,1.26391,1.26355,1.26391
485,1.26404,2024-03-01 16:30:00,1.26425,1.26356,1.26356
486,1.26457,2024-03-01 16:35:00,1.26458,1.264,1.26405
487,1.26476,2024-03-01 16:40:00,1.26488,1.26455,1.26458
488,1.26485,2024-03-01 16:45:00,1.26486,1.26446,1.26476
489,1.26512,2024-03-01 16:50:00,1.26516,1.26474,1.26485
490,1.26501,2024-03-01 16:55:00,1.2652,1.26498,1.2651
491,1.26504,2024-03-01 17:00:00,1.26504,1.26475,1.265
492,1.26537,2024-03-01 17:05:00,1.26545,1.26504,1.26504
493,1.26546,2024-03-01 17:10:00,1.26549,1.26508,1.26538
494,1.26553,2024-03-01 17:15:00,1.2656,1.26537,1.26546
495,1.26541,2024-03-01 17:20:00,1.26572,1.26533,1.26554
496,1.26565,2024-03-01 17:25:00,1.26568,1.2653,1.2654
497,1.26595,2024-03-01 17:30:00,1.26596,1.26565,1.26566
498,1.26576,2024-03-01 17:35:00,1.26598,1.26565,1.26595
499,1.2657,2024-03-01 17:40:00,1.26586,1.26562,1.26577
500,1.26554,2024-03-01 17:45:00,1.26576,1.26553,1.2657
501,1.26574,2024-03-01 17:50:00,1.26578,1.26552,1.26554
502,1.26562,2024-03-01 17:55:00,1.266,1.26555,1.26575
503,1.26504,2024-03-01 18:00:00,1.26566,1.26502,1.26562
504,1.26553,2024-03-01 18:05:00,1.26554,1.26489,1.26504
505,1.26575,2024-03-01 18:10:00,1.26596,1.26554,1.26554
506,1.26549,2024-03-01 18:15:00,1.2658,1.26545,1.26575
507,1.26567,2024-03-01 18:20:00,1.26576,1.26544,1.2655
508,1.26574,2024-03-01 18:25:00,1.26595,1.26556,1.26566
509,1.26566,2024-03-01 18:30:00,1.2659,1.26555,1.26574
510,1.26588,2024-03-01 18:35:00,1.26603,1.26566,1.26566
511,1.26607,2024-03-01 18:40:00,1.26615,1.26581,1.26588
512,1.26575,2024-03-01 18:45:00,1.26612,1.26573,1.26605
513,1.26537,2024-03-01 18:50:00,1.26574,1.26534,1.26574
514,1.2658,2024-03-01 18:55:00,1.26587,1.26537,1.26537
515,1.2659,2024-03-01 19:00:00,1.26615,1.26581,1.26581
516,1.26602,2024-03-01 19:05:00,1.2661,1.26584,1.26589
517,1.2661,2024-03-01 19:10:00,1.26614,1.2659,1.26601
518,1.26604,2024-03-01 19:15:00,1.26614,1.26595,1.2661
519,1.26598,2024-03-01 19:20:00,1.26608,1.26591,1.26606
520,1.266,2024-03-01 19:25:00,1.26601,1.26594,1.26597
521,1.26625,2024-03-01 19:30:00,1.26642,1.26601,1.26601
522,1.26606,2024-03-01 19:35:00,1.26625,1.26606,1.26625
523,1.26581,2024-03-01 19:40:00,1.26606,1.26578,1.26606
524,1.26592,2024-03-01 19:45:00,1.26592,1.26576,1.2658
525,1.26619,2024-03-01 19:50:00,1.26626,1.26586,1.26591
526,1.26628,2024-03-01 19:55:00,1.2664,1.26619,1.26619
527,1.26599,2024-03-01 20:00:00,1.26628,1.26596,1.26627
528,1.26578,2024-03-01 20:05:00,1.2661,1.26575,1.26599
529,1.2658,2024-03-01 20:10:00,1.2658,1.2657,1.26578
530,1.26568,2024-03-01 20:15:00,1.26579,1.26565,1.26579
531,1.26566,2024-03-01 20:20:00,1.26579,1.26565,1.26569
532,1.26566,2024-03-01 20:25:00,1.26577,1.26565,1.26566
533,1.26568,2024-03-01 20:30:00,1.26576,1.26562,1.26566
534,1.26562,2024-03-01 20:35:00,1.26569,1.2656,1.26567
535,1.26555,2024-03-01 20:40:00,1.26565,1.2654,1.26563
536,1.26557,2024-03-01 20:45:00,1.26566,1.26554,1.26556
537,1.26559,2024-03-01 20:50:00,1.26568,1.26554,1.26557
538,1.26562,2024-03-01 20:55:00,1.26571,1.26557,1.26558
539,1.26548,2024-03-01 21:00:00,1.2656,1.26538,1.2656
540,1.26548,2024-03-01 21:05:00,1.26551,1.26538,1.26547
541,1.26558,2024-03-01 21:10:00,1.2656,1.26548,1.2655
542,1.26557,2024-03-01 21:15:00,1.26559,1.2655,1.26558
543,1.26548,2024-03-01 21:20:00,1.26557,1.26534,1.26556
544,1.26562,2024-03-01 21:25:00,1.26571,1.26537,1.26548
545,1.26568,2024-03-01 21:30:00,1.2657,1.2656,1.26562
546,1.26568,2024-03-01 21:35:00,1.26569,1.26565,1.26568
547,1.26557,2024-03-01 21:40:00,1.26569,1.26546,1.26567
548,1.26547,2024-03-01 21:45:00,1.2656,1.26547,1.26556
549,1.26557,2024-03-01 21:50:00,1.2656,1.26544,1.26547
