,close,date,high,low,open
0,1.26998,2024-03-06 00:00:00,1.27046,1.26996,1.27042
1,1.27005,2024-03-06 00:05:00,1.27017,1.26998,1.26998
2,1.26987,2024-03-06 00:10:00,1.27005,1.26986,1.27005
3,1.26966,2024-03-06 00:15:00,1.26996,1.26965,1.26986
4,1.26965,2024-03-06 00:20:00,1.26967,1.26956,1.26965
5,1.26965,2024-03-06 00:25:00,1.26967,1.26951,1.26964
6,1.26968,2024-03-06 00:30:00,1.26969,1.26955,1.26966
7,1.26948,2024-03-06 00:35:00,1.26976,1.26944,1.26968
8,1.26959,2024-03-06 00:40:00,1.26966,1.26938,1.26947
9,1.26948,2024-03-06 00:45:00,1.26969,1.26947,1.2696
10,1.26964,2024-03-06 00:50:00,1.26967,1.2694,1.26948
11,1.26971,2024-03-06 00:55:00,1.26979,1.26955,1.26963
12,1.2694,2024-03-06 01:00:00,1.2698,1.2694,1.26971
13,1.26954,2024-03-06 01:05:00,1.26978,1.2694,1.2694
14,1.26956,2024-03-06 01:10:00,1.2696,1.26949,1.26953
15,1.26968,2024-03-06 01:15:00,1.26981,1.26947,1.26955
16,1.26953,2024-03-06 01:20:00,1.2698,1.26947,1.26968
17,1.26938,2024-03-06 01:25:00,1.26958,1.26936,1.26952
18,1.26925,2024-03-06 01:30:00,1.26945,1.2692,1.26937
19,1.26916,2024-03-06 01:35:00,1.26925,1.26903,1.26925
20,1.26928,2024-03-06 01:40:00,1.26937,1.26915,1.26917
21,1.26908,2024-03-06 01:45:00,1.2693,1.26908,1.26926
22,1.26918,2024-03-06 01:50:00,1.2693,1.26906,1.26908
23,1.2693,2024-03-06 01:55:00,1.26936,1.26905,1.26918
24,1.26947,2024-03-06 02:00:00,1.2695,1.26918,1.2693
25,1.26938,2024-03-06 02:05:00,1.2696,1.26937,1.26947
26,1.26947,2024-03-06 02:10:00,1.26954,1.26935,1.26937
27,1.2695,2024-03-06 02:15:00,1.2696,1.26946,1.2695
28,1.26958,2024-03-06 02:20:00,1.26966,1.26947,1.2695
29,1.26947,2024-03-06 02:25:00,1.26969,1.26946,1.26959
30,1.26955,2024-03-06 02:30:00,1.26957,1.26942,1.26947
31,1.26958,2024-03-06 02:35:00,1.26962,1.26945,1.26955
32,1.26986,2024-03-06 02:40:00,1.2699,1.26957,1.26959
33,1.26981,2024-03-06 02:45:00,1.2699,1.26976,1.26986
34,1.26996,2024-03-06 02:50:00,1.27,1.26975,1.26981
35,1.27004,2024-03-06 02:55:00,1.27012,1.26996,1.26998
36,1.26988,2024-03-06 03:00:00,1.27004,1.26988,1.27003
37,1.26992,2024-03-06 03:05:00,1.26996,1.26984,1.26989
38,1.27003,2024-03-06 03:10:00,1.27009,1.26992,1.26992
39,1.26998,2024-03-06 03:15:00,1.27009,1.26994,1.27005
40,1.26996,2024-03-06 03:20:00,1.27,1.26988,1.26997
41,1.27006,2024-03-06 03:25:00,1.2701,1.26995,1.26997
42,1.26999,2024-03-06 03:30:00,1.2701,1.26998,1.27006
43,1.26999,2024-03-06 03:35:00,1.27005,1.26997,1.26999
44,1.26986,2024-03-06 03:40:00,1.27006,1.26986,1.26999
45,1.26988,2024-03-06 03:45:00,1.26999,1.26986,1.26987
46,1.26988,2024-03-06 03:50:00,1.26999,1.26986,1.26989
47,1.26994,2024-03-06 03:55:00,1.26999,1.26982,1.26989
48,1.26998,2024-03-06 04:00:00,1.26999,1.26979,1.26995
49,1.26999,2024-03-06 04:05:00,1.27009,1.26996,1.26998
50,1.26998,2024-03-06 04:10:00,1.27006,1.26995,1.26998
51,1.27004,2024-03-06 04:15:00,1.2701,1.26997,1.26999
52,1.27005,2024-03-06 04:20:00,1.27009,1.26996,1.27004
53,1.27,2024-03-06 04:25:00,1.2701,1.26999,1.27004
54,1.27006,2024-03-06 04:30:00,1.27008,1.26996,1.27
55,1.27006,2024-03-06 04:35:00,1.27006,1.26997,1.27006
56,1.27008,2024-03-06 04:40:00,1.2701,1.27005,1.27006
57,1.27015,2024-03-06 04:45:00,1.27016,1.27005,1.27008
58,1.27018,2024-03-06 04:50:00,1.27026,1.27015,1.27016
59,1.2702,2024-03-06 04:55:00,1.27024,1.27016,1.27018
60,1.27038,2024-03-06 05:00:00,1.27039,1.27019,1.27021
61,1.27025,2024-03-06 05:05:00,1.27039,1.27024,1.27038
62,1.27048,2024-03-06 05:10:00,1.27049,1.27025,1.27025
63,1.27045,2024-03-06 05:15:00,1.2705,1.27036,1.2705
64,1.27039,2024-03-06 05:20:00,1.27044,1.27038,1.27044
65,1.27044,2024-03-06 05:25:00,1.2705,1.27039,1.27039
66,1.2706,2024-03-06 05:30:00,1.2706,1.27035,1.27044
67,1.27058,2024-03-06 05:35:00,1.27069,1.27055,1.27059
68,1.27058,2024-03-06 05:40:00,1.27065,1.27056,1.27059
69,1.27058,2024-03-06 05:45:00,1.27062,1.27057,1.27059
70,1.2706,2024-03-06 05:50:00,1.27061,1.27052,1.27056
71,1.27039,2024-03-06 05:55:00,1.27061,1.27036,1.2706
72,1.27052,2024-03-06 06:00:00,1.2706,1.27037,1.27038
73,1.27041,2024-03-06 06:05:00,1.27052,1.2704,1.27052
74,1.2704,2024-03-06 06:10:00,1.27052,1.2703,1.27041
75,1.27057,2024-03-06 06:15:00,1.2706,1.27036,1.2704
76,1.27059,2024-03-06 06:20:00,1.27074,1.27056,1.27058
77,1.27049,2024-03-06 06:25:00,1.27059,1.27048,1.27058
78,1.2706,2024-03-06 06:30:00,1.27068,1.27049,1.2705
79,1.27039,2024-03-06 06:35:00,1.2706,1.27037,1.27059
80,1.27057,2024-03-06 06:40:00,1.2706,1.27037,1.27039
81,1.27056,2024-03-06 06:45:00,1.27066,1.27055,1.27058
82,1.27056,2024-03-06 06:50:00,1.2706,1.27045,1.27055
83,1.2705,2024-03-06 06:55:00,1.2706,1.27037,1.27055
84,1.27066,2024-03-06 07:00:00,1.2707,1.27035,1.27051
85,1.27086,2024-03-06 07:05:00,1.27094,1.2706,1.27066
86,1.2711,2024-03-06 07:10:00,1.2712,1.2708,1.27085
87,1.27076,2024-03-06 07:15:00,1.27114,1.27067,1.27109
88,1.27083,2024-03-06 07:20:00,1.27088,1.27063,1.27076
89,1.27092,2024-03-06 07:25:00,1.27096,1.2707,1.27082
90,1.27088,2024-03-06 07:30:00,1.27099,1.27059,1.27093
91,1.27124,2024-03-06 07:35:00,1.2713,1.27084,1.27088
92,1.27132,2024-03-06 07:40:00,1.27132,1.27098,1.27123
93,1.27109,2024-03-06 07:45:00,1.27157,1.27107,1.27132
94,1.2712,2024-03-06 07:50:00,1.2712,1.27083,1.27108
95,1.27108,2024-03-06 07:55:00,1.27131,1.27095,1.2712
96,1.2715,2024-03-06 08:00:00,1.27158,1.2709,1.27108
97,1.27156,2024-03-06 08:05:00,1.27163,1.27136,1.27149
98,1.27215,2024-03-06 08:10:00,1.27221,1.27152,1.27156
99,1.27237,2024-03-06 08:15:00,1.27238,1.27204,1.27214
100,1.27206,2024-03-06 08:20:00,1.27249,1.27202,1.27236
101,1.27168,2024-03-06 08:25:00,1.27205,1.2714,1.27205
102,1.27157,2024-03-06 08:30:00,1.27188,1.27155,1.27168
103,1.27198,2024-03-06 08:35:00,1.27206,1.27152,1.27157
104,1.27206,2024-03-06 08:40:00,1.27212,1.27188,1.27198
105,1.27215,2024-03-06 08:45:00,1.27226,1.27182,1.27206
106,1.27226,2024-03-06 08:50:00,1.27245,1.27214,1.27214
107,1.27256,2024-03-06 08:55:00,1.27256,1.27226,1.27227
108,1.27263,2024-03-06 09:00:00,1.27307,1.27256,1.27256
109,1.27274,2024-03-06 09:05:00,1.27286,1.27256,1.27264
110,1.27239,2024-03-06 09:10:00,1.27277,1.27224,1.27274
111,1.27234,2024-03-06 09:15:00,1.27277,1.27233,1.27239
112,1.27228,2024-03-06 09:20:00,1.27243,1.27212,1.27234
113,1.27225,2024-03-06 09:25:00,1.27236,1.27204,1.27226
114,1.27261,2024-03-06 09:30:00,1.27275,1.27226,1.27226
115,1.27254,2024-03-06 09:35:00,1.27271,1.27239,1.27262
116,1.27262,2024-03-06 09:40:00,1.27269,1.27254,1.27254
117,1.27263,2024-03-06 09:45:00,1.27288,1.27246,1.27261
118,1.27297,2024-03-06 09:50:00,1.27298,1.27255,1.27262
119,1.2731,2024-03-06 09:55:00,1.27316,1.27293,1.27296
120,1.27284,2024-03-06 10:00:00,1.2731,1.27273,1.27309
121,1.27264,2024-03-06 10:05:00,1.27285,1.27262,1.27284
122,1.27258,2024-03-06 10:10:00,1.27268,1.27231,1.27264
123,1.27234,2024-03-06 10:15:00,1.27276,1.27223,1.27258
124,1.27265,2024-03-06 10:20:00,1.27266,1.27232,1.27234
125,1.27242,2024-03-06 10:25:00,1.27265,1.27241,1.27265
126,1.27243,2024-03-06 10:30:00,1.27254,1.27224,1.27242
127,1.27172,2024-03-06 10:35:00,1.27244,1.2717,1.27242
128,1.27166,2024-03-06 10:40:00,1.27193,1.27162,1.27172
129,1.27197,2024-03-06 10:45:00,1.27204,1.27162,1.27165
130,1.2722,2024-03-06 10:50:00,1.27222,1.27193,1.27196
131,1.27214,2024-03-06 10:55:00,1.2724,1.27211,1.2722
132,1.27242,2024-03-06 11:00:00,1.27249,1.27206,1.27213
133,1.27267,2024-03-06 11:05:00,1.27275,1.27238,1.27241
134,1.27265,2024-03-06 11:10:00,1.27266,1.27245,1.27266
135,1.27233,2024-03-06 11:15:00,1.27268,1.27228,1.27265
136,1.27216,2024-03-06 11:20:00,1.27236,1.27216,1.27232
137,1.27222,2024-03-06 11:25:00,1.27236,1.27212,1.27217
138,1.27238,2024-03-06 11:30:00,1.27246,1.2721,1.27222
139,1.27224,2024-03-06 11:35:00,1.27248,1.2721,1.27238
140,1.27239,2024-03-06 11:40:00,1.27247,1.27215,1.27223
141,1.27227,2024-03-06 11:45:00,1.27244,1.27217,1.27239
142,1.27244,2024-03-06 11:50:00,1.27255,1.27215,1.27226
143,1.27233,2024-03-06 11:55:00,1.27275,1.27232,1.27242
144,1.27264,2024-03-06 12:00:00,1.27267,1.27234,1.27234
145,1.27294,2024-03-06 12:05:00,1.27306,1.2726,1.27265
146,1.27276,2024-03-06 12:10:00,1.27298,1.27273,1.27295
147,1.27245,2024-03-06 12:15:00,1.27278,1.27234,1.27277
148,1.27254,2024-03-06 12:20:00,1.27256,1.27234,1.27245
149,1.27222,2024-03-06 12:25:00,1.27255,1.27213,1.27254
150,1.27219,2024-03-06 12:30:00,1.27252,1.27217,1.27222
151,1.27215,2024-03-06 12:35:00,1.27224,1.27197,1.27219
152,1.27194,2024-03-06 12:40:00,1.27234,1.27186,1.27215
153,1.27186,2024-03-06 12:45:00,1.27204,1.27174,1.27193
154,1.27099,2024-03-06 12:50:00,1.27194,1.27098,1.27186
155,1.27074,2024-03-06 12:55:00,1.27115,1.27055,1.271
156,1.27144,2024-03-06 13:00:00,1.27148,1.27068,1.27074
157,1.27187,2024-03-06 13:05:00,1.27189,1.27141,1.27145
158,1.27201,2024-03-06 13:10:00,1.27206,1.27158,1.27188
159,1.27189,2024-03-06 13:15:00,1.27238,1.27167,1.272
160,1.27234,2024-03-06 13:20:00,1.27248,1.27187,1.27188
161,1.27245,2024-03-06 13:25:00,1.27246,1.27219,1.27233
162,1.27215,2024-03-06 13:30:00,1.2727,1.27142,1.27244
163,1.27194,2024-03-06 13:35:00,1.27244,1.27165,1.27215
164,1.27241,2024-03-06 13:40:00,1.27256,1.27195,1.27195
165,1.27236,2024-03-06 13:45:00,1.27245,1.2718,1.27242
166,1.27241,2024-03-06 13:50:00,1.27243,1.27202,1.27237
167,1.27244,2024-03-06 13:55:00,1.2725,1.27218,1.2724
168,1.27259,2024-03-06 14:00:00,1.27278,1.27235,1.27243
169,1.27215,2024-03-06 14:05:00,1.27284,1.27215,1.27259
170,1.27196,2024-03-06 14:10:00,1.27216,1.27175,1.27215
171,1.27249,2024-03-06 14:15:00,1.2725,1.27186,1.27196
172,1.27276,2024-03-06 14:20:00,1.2728,1.27245,1.27249
173,1.27246,2024-03-06 14:25:00,1.2728,1.2724,1.27275
174,1.27243,2024-03-06 14:30:00,1.27256,1.27218,1.27245
175,1.2724,2024-03-06 14:35:00,1.27262,1.27224,1.27244
176,1.27241,2024-03-06 14:40:00,1.27259,1.27229,1.27241
177,1.27246,2024-03-06 14:45:00,1.2728,1.27237,1.2724
178,1.2726,2024-03-06 14:50:00,1.27268,1.27214,1.27247
179,1.27244,2024-03-06 14:55:00,1.27266,1.27235,1.27261
180,1.27202,2024-03-06 15:00:00,1.2729,1.27176,1.27243
181,1.27236,2024-03-06 15:05:00,1.27268,1.27194,1.27202
182,1.27288,2024-03-06 15:10:00,1.273,1.27234,1.27236
183,1.27238,2024-03-06 15:15:00,1.273,1.27233,1.27288
184,1.27236,2024-03-06 15:20:00,1.27264,1.27202,1.27237
185,1.27244,2024-03-06 15:25:00,1.27253,1.27224,1.27235
186,1.27278,2024-03-06 15:30:00,1.27281,1.27185,1.27245
187,1.27266,2024-03-06 15:35:00,1.27277,1.27206,1.27276
188,1.2727,2024-03-06 15:40:00,1.27288,1.27226,1.27267
189,1.27288,2024-03-06 15:45:00,1.27304,1.27264,1.2727
190,1.2742,2024-03-06 15:50:00,1.27424,1.27276,1.27288
191,1.27426,2024-03-06 15:55:00,1.2748,1.27404,1.2742
192,1.27398,2024-03-06 16:00:00,1.27429,1.27396,1.27427
193,1.27404,2024-03-06 16:05:00,1.27415,1.27388,1.27399
194,1.274,2024-03-06 16:10:00,1.27424,1.27398,1.27405
195,1.27435,2024-03-06 16:15:00,1.27445,1.27399,1.274
196,1.27435,2024-03-06 16:20:00,1.27465,1.27434,1.27435
197,1.27475,2024-03-06 16:25:00,1.27475,1.27405,1.27436
198,1.27464,2024-03-06 16:30:00,1.27506,1.27445,1.27476
199,1.27476,2024-03-06 16:35:00,1.27478,1.27441,1.27464
200,1.27547,2024-03-06 16:40:00,1.27548,1.2747,1.27476
201,1.27556,2024-03-06 16:45:00,1.27567,1.27535,1.27547
202,1.27596,2024-03-06 16:50:00,1.27597,1.27556,1.27557
203,1.27564,2024-03-06 16:55:00,1.27616,1.27553,1.27596
204,1.27596,2024-03-06 17:00:00,1.27599,1.27552,1.27564
205,1.27542,2024-03-06 17:05:00,1.27611,1.27524,1.27596
206,1.27511,2024-03-06 17:10:00,1.27544,1.27509,1.27542
207,1.27503,2024-03-06 17:15:00,1.27536,1.27501,1.27512
208,1.27571,2024-03-06 17:20:00,1.27578,1.27502,1.27502
209,1.27547,2024-03-06 17:25:00,1.27578,1.27544,1.2757
210,1.27515,2024-03-06 17:30:00,1.27566,1.27504,1.27547
211,1.27502,2024-03-06 17:35:00,1.27519,1.275,1.27515
212,1.27473,2024-03-06 17:40:00,1.27506,1.27472,1.27503
213,1.27434,2024-03-06 17:45:00,1.27484,1.2743,1.27472
214,1.27412,2024-03-06 17:50:00,1.27443,1.27399,1.27435
215,1.27444,2024-03-06 17:55:00,1.27446,1.2739,1.27412
216,1.27494,2024-03-06 18:00:00,1.27495,1.27445,1.27445
217,1.27491,2024-03-06 18:05:00,1.27496,1.27467,1.27494
218,1.27494,2024-03-06 18:10:00,1.27498,1.2748,1.2749
219,1.27524,2024-03-06 18:15:00,1.27534,1.27493,1.27494
220,1.27535,2024-03-06 18:20:00,1.27537,1.27514,1.27525
221,1.27535,2024-03-06 18:25:00,1.27538,1.27515,1.27534
222,1.27456,2024-03-06 18:30:00,1.27537,1.27439,1.27536
223,1.27494,2024-03-06 18:35:00,1.27497,1.27425,1.27456
224,1.27494,2024-03-06 18:40:00,1.27506,1.27475,1.27495
225,1.27452,2024-03-06 18:45:00,1.27496,1.27444,1.27494
226,1.27445,2024-03-06 18:50:00,1.27475,1.27434,1.27452
227,1.27475,2024-03-06 18:55:00,1.27488,1.27444,1.27444
228,1.27429,2024-03-06 19:00:00,1.27474,1.27415,1.27474
229,1.27425,2024-03-06 19:05:00,1.27445,1.27398,1.27429
230,1.27406,2024-03-06 19:10:00,1.2745,1.27405,1.27424
231,1.274,2024-03-06 19:15:00,1.27416,1.27395,1.27406
232,1.27395,2024-03-06 19:20:00,1.27415,1.27386,1.27399
233,1.27432,2024-03-06 19:25:00,1.27442,1.27378,1.27394
234,1.2743,2024-03-06 19:30:00,1.27436,1.27405,1.27433
235,1.27401,2024-03-06 19:35:00,1.27438,1.27401,1.2743
236,1.27403,2024-03-06 19:40:00,1.27406,1.27382,1.27401
237,1.27392,2024-03-06 19:45:00,1.27404,1.27365,1.27404
238,1.27412,2024-03-06 19:50:00,1.27418,1.2739,1.27393
239,1.27411,2024-03-06 19:55:00,1.27414,1.27391,1.27414
240,1.27407,2024-03-06 20:00:00,1.27411,1.27392,1.27411
241,1.27365,2024-03-06 20:05:00,1.27414,1.27361,1.27407
242,1.27342,2024-03-06 20:10:00,1.27372,1.27336,1.27365
243,1.27358,2024-03-06 20:15:00,1.27374,1.27342,1.27343
244,1.27353,2024-03-06 20:20:00,1.27366,1.27342,1.27358
245,1.27372,2024-03-06 20:25:00,1.27374,1.27352,1.27354
246,1.27353,2024-03-06 20:30:00,1.27373,1.27351,1.27372
247,1.27364,2024-03-06 20:35:00,1.27364,1.27334,1.27354
248,1.27352,2024-03-06 20:40:00,1.27372,1.27342,1.27363
249,1.27385,2024-03-06 20:45:00,1.27385,1.2735,1.27352
250,1.27372,2024-03-06 20:50:00,1.27385,1.27362,1.27385
251,1.27385,2024-03-06 20:55:00,1.27399,1.27371,1.27372
252,1.27382,2024-03-06 21:00:00,1.27404,1.27379,1.27386
253,1.27378,2024-03-06 21:05:00,1.27383,1.27373,1.27383
254,1.27353,2024-03-06 21:10:00,1.2739,1.27348,1.27378
255,1.27342,2024-03-06 21:15:00,1.27356,1.27336,1.27352
256,1.27331,2024-03-06 21:20:00,1.27348,1.27328,1.27343
257,1.27323,2024-03-06 21:25:00,1.27335,1.27322,1.27329
258,1.27304,2024-03-06 21:30:00,1.27328,1.27302,1.27324
259,1.27293,2024-03-06 21:35:00,1.27318,1.27288,1.27304
260,1.27266,2024-03-06 21:40:00,1.27296,1.27264,1.27293
261,1.27275,2024-03-06 21:45:00,1.27285,1.27258,1.27265
262,1.27296,2024-03-06 21:50:00,1.27298,1.2727,1.27276
263,1.2732,2024-03-06 21:55:00,1.27326,1.27297,1.27297
264,1.2731,2024-03-06 22:05:00,1.27345,1.2731,1.27318
265,1.27306,2024-03-06 22:10:00,1.2731,1.27303,1.27305
266,1.2734,2024-03-06 22:15:00,1.27388,1.27304,1.27322
267,1.27342,2024-03-06 22:20:00,1.27352,1.27337,1.2734
268,1.27343,2024-03-06 22:25:00,1.2735,1.2734,1.27344
269,1.27338,2024-03-06 22:30:00,1.27349,1.27328,1.27344
270,1.27327,2024-03-06 22:35:00,1.2736,1.27327,1.27339
271,1.27308,2024-03-06 22:40:00,1.27338,1.27303,1.27328
272,1.27306,2024-03-06 22:45:00,1.27313,1.27296,1.27308
273,1.27316,2024-03-06 22:50:00,1.27336,1.27305,1.27306
274,1.27304,2024-03-06 22:55:00,1.27338,1.273,1.27316
275,1.273,2024-03-06 23:00:00,1.27308,1.27287,1.27305
276,1.2734,2024-03-06 23:05:00,1.2734,1.273,1.273
277,1.27318,2024-03-06 23:10:00,1.2734,1.27316,1.27338
278,1.2732,2024-03-06 23:15:00,1.2733,1.27314,1.27318
279,1.27319,2024-03-06 23:20:00,1.27328,1.27318,1.2732
280,1.27327,2024-03-06 23:25:00,1.2733,1.27318,1.27318
281,1.27337,2024-03-06 23:30:00,1.2734,1.27324,1.27326
282,1.27338,2024-03-06 23:35:00,1.27348,1.27332,1.27338
283,1.27342,2024-03-06 23:40:00,1.27347,1.27337,1.27338
284,1.27329,2024-03-06 23:45:00,1.27349,1.27328,1.27342
285,1.2733,2024-03-06 23:50:00,1.27337,1.27328,1.2733
286,1.27362,2024-03-06 23:55:00,1.27362,1.27328,1.27331
287,1.27367,2024-03-07 00:00:00,1.27378,1.27355,1.27361
288,1.27386,2024-03-07 00:05:00,1.2739,1.27365,1.27366
289,1.27383,2024-03-07 00:10:00,1.274,1.27375,1.27386
290,1.2735,2024-03-07 00:15:00,1.27398,1.27348,1.27382
291,1.27352,2024-03-07 00:20:00,1.2736,1.27335,1.2735
292,1.27345,2024-03-07 00:25:00,1.27353,1.2734,1.27353
293,1.27352,2024-03-07 00:30:00,1.27356,1.27334,1.27345
294,1.27366,2024-03-07 00:35:00,1.27368,1.27339,1.27353
295,1.27349,2024-03-07 00:40:00,1.2737,1.27347,1.27367
296,1.27349,2024-03-07 00:45:00,1.27368,1.27335,1.27348
297,1.27362,2024-03-07 00:50:00,1.27378,1.27341,1.27348
298,1.27382,2024-03-07 00:55:00,1.27387,1.27362,1.27362
299,1.27348,2024-03-07 01:00:00,1.27388,1.27344,1.27383
300,1.27341,2024-03-07 01:05:00,1.2736,1.27328,1.27349
301,1.2735,2024-03-07 01:10:00,1.27365,1.2734,1.27342
302,1.2736,2024-03-07 01:15:00,1.27384,1.27346,1.27348
303,1.2736,2024-03-07 01:20:00,1.27387,1.27342,1.27359
304,1.27367,2024-03-07 01:25:00,1.27384,1.27358,1.2736
305,1.27364,2024-03-07 01:30:00,1.27386,1.27354,1.27366
306,1.2734,2024-03-07 01:35:00,1.27364,1.27325,1.27364
307,1.27346,2024-03-07 01:40:00,1.27352,1.27328,1.27339
308,1.27316,2024-03-07 01:45:00,1.27348,1.27312,1.27347
309,1.27298,2024-03-07 01:50:00,1.27322,1.27283,1.27316
310,1.27305,2024-03-07 01:55:00,1.2733,1.27293,1.27297
311,1.273,2024-03-07 02:00:00,1.2732,1.27293,1.27306
312,1.27298,2024-03-07 02:05:00,1.2731,1.27289,1.273
313,1.27308,2024-03-07 02:10:00,1.27319,1.27298,1.27298
314,1.27316,2024-03-07 02:15:00,1.27321,1.27303,1.27307
315,1.27268,2024-03-07 02:20:00,1.27316,1.2726,1.27316
316,1.27236,2024-03-07 02:25:00,1.27269,1.27232,1.27267
317,1.27259,2024-03-07 02:30:00,1.2727,1.27234,1.27235
318,1.2727,2024-03-07 02:35:00,1.27278,1.2725,1.2726
319,1.27282,2024-03-07 02:40:00,1.2729,1.27266,1.2727
320,1.273,2024-03-07 02:45:00,1.27303,1.2728,1.27281
321,1.27303,2024-03-07 02:50:00,1.27312,1.27289,1.273
322,1.27304,2024-03-07 02:55:00,1.27314,1.27297,1.27304
323,1.27315,2024-03-07 03:00:00,1.27316,1.27296,1.27303
324,1.27319,2024-03-07 03:05:00,1.27325,1.27311,1.27314
325,1.2731,2024-03-07 03:10:00,1.2733,1.27307,1.27318
326,1.273,2024-03-07 03:15:00,1.27318,1.27298,1.27309
327,1.27284,2024-03-07 03:20:00,1.273,1.27278,1.273
328,1.2731,2024-03-07 03:25:00,1.27316,1.27285,1.27285
329,1.2731,2024-03-07 03:30:00,1.27321,1.27304,1.27309
330,1.27308,2024-03-07 03:35:00,1.27312,1.2729,1.27309
331,1.27318,2024-03-07 03:40:00,1.27321,1.27309,1.27309
332,1.27319,2024-03-07 03:45:00,1.27328,1.2731,1.27318
333,1.27352,2024-03-07 03:50:00,1.27356,1.27319,1.2732
334,1.27339,2024-03-07 03:55:00,1.27359,1.27334,1.27351
335,1.27355,2024-03-07 04:00:00,1.27367,1.27337,1.2734
336,1.2735,2024-03-07 04:05:00,1.27365,1.27348,1.27354
337,1.2736,2024-03-07 04:10:00,1.27368,1.27346,1.2735
338,1.27361,2024-03-07 04:15:00,1.2737,1.27357,1.2736
339,1.27369,2024-03-07 04:20:00,1.2738,1.2736,1.2736
340,1.2739,2024-03-07 04:25:00,1.2739,1.27366,1.2737
341,1.27382,2024-03-07 04:30:00,1.27397,1.27375,1.27389
342,1.27372,2024-03-07 04:35:00,1.27382,1.2737,1.27381
343,1.27381,2024-03-07 04:40:00,1.27396,1.27368,1.27372
344,1.2739,2024-03-07 04:45:00,1.27398,1.2737,1.27381
345,1.27392,2024-03-07 04:50:00,1.27394,1.2738,1.2739
346,1.274,2024-03-07 04:55:00,1.27406,1.27389,1.27392
347,1.27388,2024-03-07 05:00:00,1.27402,1.27382,1.274
348,1.27389,2024-03-07 05:05:00,1.27392,1.27382,1.27387
349,1.27389,2024-03-07 05:10:00,1.27392,1.27381,1.2739
350,1.274,2024-03-07 05:15:00,1.27408,1.27376,1.27388
351,1.2738,2024-03-07 05:20:00,1.274,1.27379,1.27399
352,1.2737,2024-03-07 05:25:00,1.2738,1.27366,1.2738
353,1.2736,2024-03-07 05:30:00,1.27372,1.27356,1.27371
354,1.27349,2024-03-07 05:35:00,1.27359,1.27341,1.27359
355,1.27336,2024-03-07 05:40:00,1.2735,1.27335,1.27348
356,1.27349,2024-03-07 05:45:00,1.27351,1.27328,1.27336
357,1.27344,2024-03-07 05:50:00,1.27351,1.27336,1.2735
358,1.27339,2024-03-07 05:55:00,1.27351,1.27337,1.27344
359,1.27333,2024-03-07 06:00:00,1.27338,1.27319,1.27338
360,1.27328,2024-03-07 06:05:00,1.27333,1.27324,1.27332
361,1.2734,2024-03-07 06:10:00,1.27348,1.2732,1.27328
362,1.27347,2024-03-07 06:15:00,1.27352,1.27337,1.2734
363,1.2737,2024-03-07 06:20:00,1.2738,1.27339,1.27346
364,1.2738,2024-03-07 06:25:00,1.27385,1.2736,1.27371
365,1.27374,2024-03-07 06:30:00,1.27394,1.27374,1.2738
366,1.27373,2024-03-07 06:35:00,1.27394,1.27371,1.27374
367,1.27374,2024-03-07 06:40:00,1.27392,1.27362,1.27374
368,1.27386,2024-03-07 06:45:00,1.27391,1.2737,1.27373
369,1.27394,2024-03-07 06:50:00,1.27398,1.27384,1.27385
370,1.27406,2024-03-07 06:55:00,1.27413,1.2737,1.27395
371,1.27413,2024-03-07 07:00:00,1.27424,1.27392,1.27405
372,1.27434,2024-03-07 07:05:00,1.27444,1.27409,1.27412
373,1.27402,2024-03-07 07:10:00,1.27434,1.27399,1.27434
374,1.27369,2024-03-07 07:15:00,1.27402,1.2734,1.27401
375,1.27349,2024-03-07 07:20:00,1.27374,1.27336,1.2737
376,1.27338,2024-03-07 07:25:00,1.2738,1.27336,1.27348
377,1.27388,2024-03-07 07:30:00,1.274,1.27328,1.27337
378,1.27388,2024-03-07 07:35:00,1.2739,1.27362,1.27386
379,1.27368,2024-03-07 07:40:00,1.27388,1.2736,1.27388
380,1.27366,2024-03-07 07:45:00,1.27371,1.27347,1.27369
381,1.27372,2024-03-07 07:50:00,1.27375,1.27338,1.27365
382,1.27362,2024-03-07 07:55:00,1.27384,1.27347,1.27372
383,1.27333,2024-03-07 08:00:00,1.2737,1.27328,1.27362
384,1.27368,2024-03-07 08:05:00,1.27391,1.27325,1.27332
385,1.27367,2024-03-07 08:10:00,1.2737,1.2732,1.27368
386,1.27362,2024-03-07 08:15:00,1.2737,1.27344,1.27366
387,1.2738,2024-03-07 08:20:00,1.27386,1.2735,1.27362
388,1.27397,2024-03-07 08:25:00,1.27413,1.2737,1.2738
389,1.27394,2024-03-07 08:30:00,1.27411,1.27377,1.27396
390,1.27391,2024-03-07 08:35:00,1.2741,1.27376,1.27395
391,1.2738,2024-03-07 08:40:00,1.27409,1.27361,1.27392
392,1.274,2024-03-07 08:45:00,1.27407,1.27377,1.2738
393,1.27389,2024-03-07 08:50:00,1.274,1.27378,1.274
394,1.27373,2024-03-07 08:55:00,1.27399,1.27362,1.27388
395,1.2737,2024-03-07 09:00:00,1.27378,1.27355,1.27374
396,1.27318,2024-03-07 09:05:00,1.27372,1.27316,1.2737
397,1.27301,2024-03-07 09:10:00,1.27333,1.27295,1.27318
398,1.27341,2024-03-07 09:15:00,1.27342,1.27297,1.273
399,1.27394,2024-03-07 09:20:00,1.27397,1.27329,1.2734
400,1.27472,2024-03-07 09:25:00,1.27473,1.27391,1.27394
401,1.27462,2024-03-07 09:30:00,1.27497,1.27456,1.27472
402,1.27468,2024-03-07 09:35:00,1.27492,1.2745,1.27462
403,1.27448,2024-03-07 09:40:00,1.27482,1.27447,1.27469
404,1.27457,2024-03-07 09:45:00,1.27463,1.27437,1.27448
405,1.27485,2024-03-07 09:50:00,1.27488,1.27454,1.27458
406,1.27502,2024-03-07 09:55:00,1.27515,1.27484,1.27484
407,1.27516,2024-03-07 10:00:00,1.27528,1.27492,1.275
408,1.27509,2024-03-07 10:05:00,1.27519,1.27493,1.27515
409,1.27518,2024-03-07 10:10:00,1.27527,1.27509,1.2751
410,1.27507,2024-03-07 10:15:00,1.27518,1.27496,1.27518
411,1.27505,2024-03-07 10:20:00,1.2751,1.2749,1.27506
412,1.27504,2024-03-07 10:25:00,1.27506,1.27496,1.27506
413,1.27498,2024-03-07 10:30:00,1.27508,1.27494,1.27505
414,1.27495,2024-03-07 10:35:00,1.27502,1.27484,1.27497
415,1.27503,2024-03-07 10:40:00,1.27506,1.27494,1.27495
416,1.27537,2024-03-07 10:45:00,1.27547,1.27498,1.27503
417,1.27549,2024-03-07 10:50:00,1.2755,1.27528,1.27537
418,1.276,2024-03-07 10:55:00,1.276,1.27547,1.27548
419,1.27607,2024-03-07 11:00:00,1.27628,1.2759,1.27599
420,1.27604,2024-03-07 11:05:00,1.27612,1.27586,1.27606
421,1.2761,2024-03-07 11:10:00,1.27628,1.27591,1.27604
422,1.27599,2024-03-07 11:15:00,1.27611,1.27589,1.2761
423,1.276,2024-03-07 11:20:00,1.27606,1.27595,1.27598
424,1.27592,2024-03-07 11:25:00,1.2761,1.27567,1.276
425,1.27606,2024-03-07 11:30:00,1.27616,1.27588,1.27591
426,1.27601,2024-03-07 11:35:00,1.2761,1.27589,1.27606
427,1.2754,2024-03-07 11:40:00,1.27606,1.2754,1.27602
428,1.27532,2024-03-07 11:45:00,1.27555,1.2749,1.2754
429,1.2756,2024-03-07 11:50:00,1.27567,1.2751,1.27533
430,1.2755,2024-03-07 11:55:00,1.2756,1.27535,1.2756
431,1.27569,2024-03-07 12:00:00,1.2757,1.2753,1.2755
432,1.27552,2024-03-07 12:05:00,1.27586,1.2755,1.27568
433,1.27516,2024-03-07 12:10:00,1.27552,1.27514,1.27552
434,1.27514,2024-03-07 12:15:00,1.27531,1.2751,1.27515
435,1.2756,2024-03-07 12:20:00,1.2757,1.27514,1.27514
436,1.2754,2024-03-07 12:25:00,1.27559,1.27534,1.27559
437,1.2755,2024-03-07 12:30:00,1.27554,1.27521,1.27541
438,1.27548,2024-03-07 12:35:00,1.2758,1.27538,1.2755
439,1.27577,2024-03-07 12:40:00,1.27578,1.27537,1.27548
440,1.27514,2024-03-07 12:45:00,1.2758,1.2751,1.27576
441,1.27514,2024-03-07 12:50:00,1.27528,1.27487,1.27514
442,1.2751,2024-03-07 12:55:00,1.27528,1.27484,1.27515
443,1.27536,2024-03-07 13:00:00,1.27546,1.27484,1.27509
444,1.27504,2024-03-07 13:05:00,1.27537,1.27503,1.27537
445,1.27524,2024-03-07 13:10:00,1.27529,1.27502,1.27504
446,1.27534,2024-03-07 13:15:00,1.27549,1.27452,1.27524
447,1.27508,2024-03-07 13:20:00,1.27547,1.27463,1.27536
448,1.27545,2024-03-07 13:25:00,1.27555,1.27503,1.2751
449,1.27532,2024-03-07 13:30:00,1.27619,1.27497,1.27546
450,1.27526,2024-03-07 13:35:00,1.27535,1.27476,1.27531
451,1.27596,2024-03-07 13:40:00,1.27622,1.27522,1.27526
452,1.27505,2024-03-07 13:45:00,1.2761,1.275,1.27596
453,1.27502,2024-03-07 13:50:00,1.2752,1.27484,1.27505
454,1.27522,2024-03-07 13:55:00,1.27536,1.27488,1.27503
455,1.27552,2024-03-07 14:00:00,1.27559,1.27491,1.27522
456,1.27544,2024-03-07 14:05:00,1.27597,1.27538,1.27552
457,1.27538,2024-03-07 14:10:00,1.27554,1.2752,1.27545
458,1.27533,2024-03-07 14:15:00,1.27558,1.27508,1.27539
459,1.2758,2024-03-07 14:20:00,1.27607,1.27533,1.27534
460,1.27599,2024-03-07 14:25:00,1.27606,1.27554,1.2758
461,1.27597,2024-03-07 14:30:00,1.27614,1.27575,1.27598
462,1.27566,2024-03-07 14:35:00,1.27673,1.27542,1.27598
463,1.2754,2024-03-07 14:40:00,1.27574,1.27514,1.27565
464,1.27596,2024-03-07 14:45:00,1.27597,1.27528,1.27542
465,1.27674,2024-03-07 14:50:00,1.2769,1.27596,1.27596
466,1.27684,2024-03-07 14:55:00,1.2773,1.27666,1.27675
467,1.27702,2024-03-07 15:00:00,1.27702,1.27664,1.27684
468,1.27644,2024-03-07 15:05:00,1.27702,1.27642,1.27702
469,1.27727,2024-03-07 15:10:00,1.27727,1.27634,1.27644
470,1.27698,2024-03-07 15:15:00,1.27741,1.27694,1.27728
471,1.27724,2024-03-07 15:20:00,1.27734,1.27668,1.27698
472,1.277,2024-03-07 15:25:00,1.27743,1.2768,1.27724
473,1.27746,2024-03-07 15:30:00,1.27746,1.27691,1.277
474,1.27814,2024-03-07 15:35:00,1.27832,1.27744,1.27747
475,1.27855,2024-03-07 15:40:00,1.27856,1.27814,1.27814
476,1.27908,2024-03-07 15:45:00,1.27909,1.27854,1.27856
477,1.27843,2024-03-07 15:50:00,1.2791,1.27838,1.27908
478,1.27893,2024-03-07 15:55:00,1.27908,1.27835,1.27844
479,1.27878,2024-03-07 16:00:00,1.27901,1.27856,1.27892
480,1.27864,2024-03-07 16:05:00,1.2788,1.27841,1.27878
481,1.27862,2024-03-07 16:10:00,1.27874,1.27841,1.27864
482,1.27874,2024-03-07 16:15:00,1.27889,1.27855,1.27863
483,1.27868,2024-03-07 16:20:00,1.27884,1.27855,1.27874
484,1.27954,2024-03-07 16:25:00,1.27982,1.27845,1.27868
485,1.27934,2024-03-07 16:30:00,1.27965,1.27916,1.27954
486,1.27903,2024-03-07 16:35:00,1.27939,1.27884,1.27933
487,1.27936,2024-03-07 16:40:00,1.2795,1.27896,1.27903
488,1.27908,2024-03-07 16:45:00,1.27936,1.27894,1.27935
489,1.27942,2024-03-07 16:50:00,1.2795,1.27906,1.27906
490,1.27938,2024-03-07 16:55:00,1.27954,1.2792,1.27943
491,1.27894,2024-03-07 17:00:00,1.27941,1.27892,1.27938
492,1.27902,2024-03-07 17:05:00,1.27903,1.27879,1.27893
493,1.27903,2024-03-07 17:10:00,1.27904,1.27872,1.27901
494,1.2792,2024-03-07 17:15:00,1.27938,1.27904,1.27904
495,1.2793,2024-03-07 17:20:00,1.27945,1.27919,1.2792
496,1.2789,2024-03-07 17:25:00,1.27944,1.27882,1.27931
497,1.27881,2024-03-07 17:30:00,1.27901,1.27872,1.2789
498,1.2788,2024-03-07 17:35:00,1.27893,1.27872,1.2788
499,1.27854,2024-03-07 17:40:00,1.2788,1.2785,1.2788
500,1.27852,2024-03-07 17:45:00,1.27858,1.27844,1.27853
501,1.27872,2024-03-07 17:50:00,1.27876,1.2785,1.27851
502,1.27921,2024-03-07 17:55:00,1.27924,1.2787,1.27872
503,1.27966,2024-03-07 18:00:00,1.27972,1.27918,1.27922
504,1.27992,2024-03-07 18:05:00,1.27994,1.27962,1.27966
505,1.27985,2024-03-07 18:10:00,1.27995,1.27976,1.27993
506,1.27992,2024-03-07 18:15:00,1.27996,1.27984,1.27985
507,1.28023,2024-03-07 18:20:00,1.28036,1.27988,1.27992
508,1.28025,2024-03-07 18:25:00,1.2803,1.28011,1.28022
509,1.2803,2024-03-07 18:30:00,1.2803,1.28004,1.28026
510,1.28025,2024-03-07 18:35:00,1.28048,1.2802,1.28029
511,1.28028,2024-03-07 18:40:00,1.28042,1.2801,1.28026
512,1.28064,2024-03-07 18:45:00,1.28085,1.28022,1.28029
513,1.28053,2024-03-07 18:50:00,1.28072,1.28044,1.28064
514,1.28047,2024-03-07 18:55:00,1.2806,1.28041,1.28054
515,1.28066,2024-03-07 19:00:00,1.28069,1.28034,1.28048
516,1.28029,2024-03-07 19:05:00,1.28074,1.28024,1.28066
517,1.28064,2024-03-07 19:10:00,1.28067,1.28029,1.28029
518,1.28048,2024-03-07 19:15:00,1.28066,1.28046,1.28065
519,1.28075,2024-03-07 19:20:00,1.28075,1.28038,1.28048
520,1.2805,2024-03-07 19:25:00,1.28078,1.28036,1.28076
521,1.2804,2024-03-07 19:30:00,1.28052,1.28034,1.2805
522,1.28002,2024-03-07 19:35:00,1.28045,1.28001,1.2804
523,1.28045,2024-03-07 19:40:00,1.28047,1.28002,1.28004
524,1.28058,2024-03-07 19:45:00,1.28062,1.2804,1.28046
525,1.28052,2024-03-07 19:50:00,1.28066,1.2805,1.28057
526,1.28052,2024-03-07 19:55:00,1.28064,1.2803,1.28052
527,1.28025,2024-03-07 20:00:00,1.28052,1.28006,1.28052
528,1.28013,2024-03-07 20:05:00,1.28025,1.28002,1.28025
529,1.28044,2024-03-07 20:10:00,1.28046,1.2801,1.28014
530,1.2805,2024-03-07 20:15:00,1.28058,1.28042,1.28045
531,1.28061,2024-03-07 20:20:00,1.2807,1.28048,1.2805
532,1.28052,2024-03-07 20:25:00,1.28066,1.2805,1.28062
533,1.28062,2024-03-07 20:30:00,1.28073,1.28042,1.28053
534,1.28098,2024-03-07 20:35:00,1.281,1.2806,1.28062
535,1.28102,2024-03-07 20:40:00,1.2811,1.28094,1.28098
536,1.2809,2024-03-07 20:45:00,1.28104,1.2809,1.28102
537,1.28072,2024-03-07 20:50:00,1.2809,1.28067,1.2809
538,1.28084,2024-03-07 20:55:00,1.28093,1.2807,1.28073
539,1.28096,2024-03-07 21:00:00,1.28102,1.28083,1.28085
540,1.28104,2024-03-07 21:05:00,1.28106,1.28092,1.28098
541,1.28095,2024-03-07 21:10:00,1.28104,1.28093,1.28103
542,1.28072,2024-03-07 21:15:00,1.28098,1.2807,1.28094
543,1.28062,2024-03-07 21:20:00,1.28074,1.2806,1.28072
544,1.28052,2024-03-07 21:25:00,1.28063,1.28049,1.28063
545,1.2809,2024-03-07 21:30:00,1.2809,1.28045,1.28052
546,1.28085,2024-03-07 21:35:00,1.28092,1.28082,1.28092
547,1.28083,2024-03-07 21:40:00,1.28087,1.28082,1.28085
548,1.28095,2024-03-07 21:45:00,1.28098,1.28082,1.28082
549,1.28094,2024-03-07 21:50:00,1.28095,1.28093,1.28095
550,1.28083,2024-03-07 21:55:00,1.28094,1.28078,1.28093
551,1.2806,2024-03-07 22:05:00,1.28074,1.28052,1.28074
552,1.2806,2024-03-07 22:10:00,1.28074,1.28053,1.28062
553,1.28063,2024-03-07 22:15:00,1.28064,1.28051,1.28061
554,1.28091,2024-03-07 22:20:00,1.28091,1.28056,1.28065
555,1.28085,2024-03-07 22:25:00,1.28104,1.28079,1.28086
556,1.28081,2024-03-07 22:30:00,1.28113,1.28071,1.2809
557,1.28084,2024-03-07 22:35:00,1.28103,1.28072,1.28082
558,1.28093,2024-03-07 22:40:00,1.28096,1.28085,1.28085
559,1.28086,2024-03-07 22:45:00,1.28094,1.28074,1.2809
560,1.28085,2024-03-07 22:50:00,1.28093,1.2808,1.28086
561,1.2809,2024-03-07 22:55:00,1.28093,1.28081,1.28086
562,1.28098,2024-03-07 23:00:00,1.28102,1.2809,1.2809
563,1.28098,2024-03-07 23:05:00,1.28108,1.28098,1.28098
564,1.28103,2024-03-07 23:10:00,1.28106,1.28097,1.28098
565,1.28105,2024-03-07 23:15:00,1.28114,1.28098,1.28102
566,1.28114,2024-03-07 23:20:00,1.28117,1.28104,1.28105
567,1.2811,2024-03-07 23:25:00,1.2812,1.28105,1.28114
568,1.28118,2024-03-07 23:30:00,1.28118,1.28104,1.2811
569,1.28126,2024-03-07 23:35:00,1.28127,1.28115,1.28118
570,1.28124,2024-03-07 23:40:00,1.28127,1.28123,1.28125
571,1.28126,2024-03-07 23:45:00,1.28127,1.28122,1.28124
572,1.28126,2024-03-07 23:50:00,1.28131,1.28125,1.28126
573,1.28133,2024-03-07 23:55:00,1.28133,1.28124,1.28126
574,1.28148,2024-03-08 00:00:00,1.28148,1.28126,1.28132
575,1.28176,2024-03-08 00:05:00,1.28178,1.28147,1.28147
576,1.2819,2024-03-08 00:10:00,1.28196,1.28175,1.28176
577,1.28176,2024-03-08 00:15:00,1.28194,1.28164,1.2819
578,1.2818,2024-03-08 00:20:00,1.2818,1.28166,1.28176
579,1.28186,2024-03-08 00:25:00,1.28186,1.28176,1.2818
580,1.28196,2024-03-08 00:30:00,1.28198,1.2818,1.28186
581,1.28191,2024-03-08 00:35:00,1.28201,1.2819,1.28196
582,1.28181,2024-03-08 00:40:00,1.282,1.28176,1.28192
583,1.28152,2024-03-08 00:45:00,1.28183,1.28149,1.28182
584,1.28156,2024-03-08 00:50:00,1.28156,1.28141,1.28152
585,1.28141,2024-03-08 00:55:00,1.28157,1.28136,1.28156
586,1.28144,2024-03-08 01:00:00,1.28162,1.28141,1.28142
587,1.28124,2024-03-08 01:05:00,1.28145,1.28118,1.28145
588,1.28112,2024-03-08 01:10:00,1.28124,1.281,1.28123
589,1.28095,2024-03-08 01:15:00,1.28118,1.28094,1.28112
590,1.28075,2024-03-08 01:20:00,1.28094,1.28068,1.28094
591,1.28072,2024-03-08 01:25:00,1.2808,1.28064,1.28076
592,1.28084,2024-03-08 01:30:00,1.28093,1.28071,1.28073
593,1.28082,2024-03-08 01:35:00,1.28094,1.28064,1.28084
594,1.2807,2024-03-08 01:40:00,1.28082,1.28062,1.28081
595,1.28083,2024-03-08 01:45:00,1.28085,1.28064,1.28069
596,1.28105,2024-03-08 01:50:00,1.28118,1.2808,1.28083
597,1.28092,2024-03-08 01:55:00,1.28106,1.28091,1.28104
598,1.28083,2024-03-08 02:00:00,1.28094,1.28072,1.28091
599,1.28083,2024-03-08 02:05:00,1.28094,1.28072,1.28083
600,1.28105,2024-03-08 02:10:00,1.28114,1.28083,1.28083
601,1.28114,2024-03-08 02:15:00,1.28122,1.28104,1.28104
602,1.28116,2024-03-08 02:20:00,1.28118,1.28104,1.28114
603,1.28114,2024-03-08 02:25:00,1.28115,1.28093,1.28115
604,1.28096,2024-03-08 02:30:00,1.28118,1.28095,1.28115
605,1.28102,2024-03-08 02:35:00,1.28109,1.28097,1.28097
606,1.28083,2024-03-08 02:40:00,1.28105,1.28083,1.28103
607,1.28073,2024-03-08 02:45:00,1.28083,1.28064,1.28083
608,1.28066,2024-03-08 02:50:00,1.28073,1.28056,1.28072
609,1.28066,2024-03-08 02:55:00,1.28074,1.28056,1.28065
610,1.28046,2024-03-08 03:00:00,1.28065,1.28045,1.28065
611,1.28052,2024-03-08 03:05:00,1.28056,1.28044,1.28045
612,1.28055,2024-03-08 03:10:00,1.28056,1.28046,1.28054
613,1.28054,2024-03-08 03:15:00,1.28056,1.28046,1.28054
614,1.28054,2024-03-08 03:20:00,1.28058,1.28044,1.28055
615,1.28068,2024-03-08 03:25:00,1.28072,1.28052,1.28054
616,1.2807,2024-03-08 03:30:00,1.28082,1.28064,1.28067
617,1.28073,2024-03-08 03:35:00,1.28086,1.28067,1.28069
618,1.28067,2024-03-08 03:40:00,1.28074,1.28064,1.28072
619,1.28062,2024-03-08 03:45:00,1.28073,1.28062,1.28066
620,1.28078,2024-03-08 03:50:00,1.28081,1.28062,1.28062
621,1.28077,2024-03-08 03:55:00,1.28082,1.2807,1.28076
622,1.28085,2024-03-08 04:00:00,1.2809,1.28074,1.28078
623,1.28083,2024-03-08 04:05:00,1.2809,1.28074,1.28084
624,1.28093,2024-03-08 04:10:00,1.28095,1.28077,1.28082
625,1.28115,2024-03-08 04:15:00,1.28124,1.28093,1.28093
626,1.28095,2024-03-08 04:20:00,1.28118,1.28094,1.28116
627,1.28078,2024-03-08 04:25:00,1.28101,1.28075,1.28098
628,1.28083,2024-03-08 04:30:00,1.28085,1.28072,1.28076
629,1.28072,2024-03-08 04:35:00,1.28085,1.28068,1.28082
630,1.28074,2024-03-08 04:40:00,1.28074,1.28064,1.2807
631,1.28066,2024-03-08 04:45:00,1.28074,1.28064,1.28073
632,1.28092,2024-03-08 04:50:00,1.28094,1.28065,1.28066
633,1.28076,2024-03-08 04:55:00,1.28091,1.28072,1.28091
634,1.28086,2024-03-08 05:00:00,1.28092,1.28074,1.28076
635,1.28083,2024-03-08 05:05:00,1.28093,1.28074,1.28085
636,1.28084,2024-03-08 05:10:00,1.28086,1.28073,1.28083
637,1.28086,2024-03-08 05:15:00,1.28094,1.28072,1.28084
638,1.28078,2024-03-08 05:20:00,1.28092,1.28075,1.28086
639,1.28094,2024-03-08 05:25:00,1.28094,1.28076,1.28077
640,1.281,2024-03-08 05:30:00,1.28104,1.28087,1.28094
641,1.28086,2024-03-08 05:35:00,1.28102,1.28082,1.28099
642,1.28093,2024-03-08 05:40:00,1.28096,1.28085,1.28087
643,1.28076,2024-03-08 05:45:00,1.28095,1.2807,1.28094
644,1.28078,2024-03-08 05:50:00,1.28084,1.28064,1.28075
645,1.28096,2024-03-08 05:55:00,1.28099,1.28075,1.28078
646,1.28098,2024-03-08 06:00:00,1.28112,1.28085,1.28096
647,1.28078,2024-03-08 06:05:00,1.281,1.28074,1.28096
648,1.28078,2024-03-08 06:10:00,1.2809,1.28071,1.28078
649,1.28064,2024-03-08 06:15:00,1.28078,1.28045,1.28078
650,1.28058,2024-03-08 06:20:00,1.28064,1.28056,1.28064
651,1.28075,2024-03-08 06:25:00,1.28078,1.28057,1.28059
652,1.28088,2024-03-08 06:30:00,1.28094,1.28074,1.28074
653,1.28104,2024-03-08 06:35:00,1.2811,1.28088,1.28088
654,1.28078,2024-03-08 06:40:00,1.28109,1.28076,1.28104
655,1.28096,2024-03-08 06:45:00,1.28098,1.28078,1.2808
656,1.28087,2024-03-08 06:50:00,1.281,1.28086,1.28096
657,1.28094,2024-03-08 06:55:00,1.281,1.28085,1.28086
658,1.28115,2024-03-08 07:00:00,1.28138,1.28086,1.28094
659,1.28088,2024-03-08 07:05:00,1.28123,1.2808,1.28115
660,1.28094,2024-03-08 07:10:00,1.28104,1.28083,1.28087
661,1.28068,2024-03-08 07:15:00,1.28094,1.28064,1.28092
662,1.28054,2024-03-08 07:20:00,1.28096,1.28043,1.28066
663,1.28046,2024-03-08 07:25:00,1.28054,1.28014,1.28054
664,1.28024,2024-03-08 07:30:00,1.28048,1.28016,1.28046
665,1.28034,2024-03-08 07:35:00,1.28046,1.28012,1.28024
666,1.28046,2024-03-08 07:40:00,1.28066,1.28024,1.28034
667,1.28067,2024-03-08 07:45:00,1.28082,1.28042,1.28045
668,1.28056,2024-03-08 07:50:00,1.28068,1.28044,1.28065
669,1.28039,2024-03-08 07:55:00,1.28059,1.28032,1.28057
670,1.28064,2024-03-08 08:00:00,1.28079,1.28014,1.28039
671,1.28084,2024-03-08 08:05:00,1.28104,1.28062,1.28063
672,1.28084,2024-03-08 08:10:00,1.28104,1.28072,1.28085
673,1.28084,2024-03-08 08:15:00,1.28096,1.28054,1.28084
674,1.28074,2024-03-08 08:20:00,1.28098,1.28066,1.28083
675,1.28143,2024-03-08 08:25:00,1.28154,1.28055,1.28076
676,1.28157,2024-03-08 08:30:00,1.28172,1.28136,1.28144
677,1.2814,2024-03-08 08:35:00,1.28157,1.28123,1.28157
678,1.28165,2024-03-08 08:40:00,1.28165,1.28136,1.28138
679,1.28186,2024-03-08 08:45:00,1.28188,1.28157,1.28164
680,1.28175,2024-03-08 08:50:00,1.28205,1.28172,1.28186
681,1.28202,2024-03-08 08:55:00,1.28205,1.28174,1.28175
682,1.2824,2024-03-08 09:00:00,1.28242,1.2819,1.28202
683,1.28234,2024-03-08 09:05:00,1.28245,1.28222,1.28241
684,1.28196,2024-03-08 09:10:00,1.28244,1.28195,1.28234
685,1.28136,2024-03-08 09:15:00,1.28196,1.28136,1.28196
686,1.28196,2024-03-08 09:20:00,1.28198,1.2813,1.28135
687,1.28238,2024-03-08 09:25:00,1.28238,1.28184,1.28195
688,1.28226,2024-03-08 09:30:00,1.28248,1.28219,1.28238
689,1.28225,2024-03-08 09:35:00,1.2823,1.28198,1.28225
690,1.28229,2024-03-08 09:40:00,1.28245,1.28216,1.28224
691,1.28268,2024-03-08 09:45:00,1.28275,1.28227,1.28229
692,1.28278,2024-03-08 09:50:00,1.28283,1.28246,1.28267
693,1.28278,2024-03-08 09:55:00,1.28295,1.28267,1.28278
694,1.28288,2024-03-08 10:00:00,1.28288,1.28258,1.28276
695,1.2835,2024-03-08 10:05:00,1.2837,1.2827,1.28288
696,1.2832,2024-03-08 10:10:00,1.28354,1.28308,1.2835
697,1.28316,2024-03-08 10:15:00,1.28322,1.28303,1.28321
698,1.28274,2024-03-08 10:20:00,1.28322,1.28273,1.28317
699,1.28265,2024-03-08 10:25:00,1.28283,1.28255,1.28274
700,1.28254,2024-03-08 10:30:00,1.28272,1.28233,1.28265
701,1.28243,2024-03-08 10:35:00,1.28255,1.2823,1.28254
702,1.28276,2024-03-08 10:40:00,1.28286,1.28234,1.28242
703,1.28335,2024-03-08 10:45:00,1.28352,1.28275,1.28276
704,1.28348,2024-03-08 10:50:00,1.28352,1.28314,1.28334
705,1.2837,2024-03-08 10:55:00,1.28402,1.28344,1.28347
706,1.2833,2024-03-08 11:00:00,1.28373,1.28316,1.28371
707,1.28288,2024-03-08 11:05:00,1.2833,1.28288,1.2833
708,1.28288,2024-03-08 11:10:00,1.28312,1.2828,1.28288
709,1.2829,2024-03-08 11:15:00,1.28296,1.28272,1.28287
710,1.28299,2024-03-08 11:20:00,1.28317,1.28287,1.2829
711,1.28324,2024-03-08 11:25:00,1.28324,1.28275,1.283
712,1.28267,2024-03-08 11:30:00,1.28324,1.28266,1.28324
713,1.28284,2024-03-08 11:35:00,1.28285,1.28252,1.28266
714,1.28257,2024-03-08 11:40:00,1.28286,1.2825,1.28285
715,1.28264,2024-03-08 11:45:00,1.28267,1.2825,1.28256
716,1.28294,2024-03-08 11:50:00,1.28294,1.28254,1.28263
717,1.28302,2024-03-08 11:55:00,1.28302,1.28272,1.28293
718,1.2827,2024-03-08 12:00:00,1.28303,1.28263,1.28301
719,1.28292,2024-03-08 12:05:00,1.28292,1.2826,1.28271
720,1.28282,2024-03-08 12:10:00,1.28302,1.28278,1.28291
721,1.2828,2024-03-08 12:15:00,1.28302,1.28276,1.28283
722,1.28332,2024-03-08 12:20:00,1.28338,1.2828,1.2828
723,1.28337,2024-03-08 12:25:00,1.28338,1.28315,1.28331
724,1.2837,2024-03-08 12:30:00,1.2838,1.28316,1.28336
725,1.28365,2024-03-08 12:35:00,1.28398,1.28364,1.28372
726,1.28327,2024-03-08 12:40:00,1.2837,1.28315,1.28364
727,1.28347,2024-03-08 12:45:00,1.28364,1.28326,1.28326
728,1.2835,2024-03-08 12:50:00,1.28366,1.2834,1.28347
729,1.2839,2024-03-08 12:55:00,1.28396,1.2835,1.28352
730,1.28376,2024-03-08 13:00:00,1.28411,1.28375,1.2839
731,1.28358,2024-03-08 13:05:00,1.28408,1.28357,1.28378
732,1.28401,2024-03-08 13:10:00,1.28416,1.28357,1.28358
733,1.28464,2024-03-08 13:15:00,1.28464,1.28402,1.28402
734,1.28546,2024-03-08 13:20:00,1.2855,1.28462,1.28465
735,1.28515,2024-03-08 13:25:00,1.2855,1.285,1.28546
736,1.28684,2024-03-08 13:30:00,1.28877,1.28264,1.28516
737,1.28763,2024-03-08 13:35:00,1.28824,1.28659,1.28682
738,1.28828,2024-03-08 13:40:00,1.28938,1.28751,1.28764
739,1.28773,2024-03-08 13:45:00,1.28866,1.28754,1.28826
740,1.28728,2024-03-08 13:50:00,1.28796,1.28724,1.28772
741,1.2864,2024-03-08 13:55:00,1.2874,1.28612,1.28728
742,1.28767,2024-03-08 14:00:00,1.28784,1.28626,1.2864
743,1.28684,2024-03-08 14:05:00,1.28775,1.28681,1.28766
744,1.28718,2024-03-08 14:10:00,1.28776,1.28683,1.28685
745,1.28718,2024-03-08 14:15:00,1.28745,1.28632,1.28717
746,1.28724,2024-03-08 14:20:00,1.28756,1.28705,1.28718
747,1.28724,2024-03-08 14:25:00,1.28746,1.28694,1.28724
748,1.28816,2024-03-08 14:30:00,1.28826,1.28713,1.28724
749,1.28721,2024-03-08 14:35:00,1.28822,1.28683,1.28817
750,1.28772,2024-03-08 14:40:00,1.28792,1.2872,1.2872
751,1.28826,2024-03-08 14:45:00,1.28858,1.28762,1.28772
752,1.28785,2024-03-08 14:50:00,1.2885,1.28782,1.28826
753,1.28785,2024-03-08 14:55:00,1.28796,1.28743,1.28785
754,1.28832,2024-03-08 15:00:00,1.28841,1.28784,1.28786
755,1.28798,2024-03-08 15:05:00,1.28863,1.28794,1.28834
756,1.28748,2024-03-08 15:10:00,1.2881,1.28747,1.28798
757,1.28672,2024-03-08 15:15:00,1.28767,1.2866,1.2875
758,1.28695,2024-03-08 15:20:00,1.28722,1.28665,1.28671
759,1.28762,2024-03-08 15:25:00,1.28764,1.28691,1.28694
760,1.28732,2024-03-08 15:30:00,1.28776,1.28724,1.28762
761,1.28781,2024-03-08 15:35:00,1.28794,1.28732,1.28733
762,1.28786,2024-03-08 15:40:00,1.288,1.28748,1.28782
763,1.2883,2024-03-08 15:45:00,1.28838,1.2874,1.28785
764,1.28826,2024-03-08 15:50:00,1.28841,1.28802,1.2883
765,1.28807,2024-03-08 15:55:00,1.28836,1.28798,1.28825
766,1.28718,2024-03-08 16:00:00,1.28816,1.28708,1.28808
767,1.28646,2024-03-08 16:05:00,1.28718,1.28628,1.28718
768,1.28625,2024-03-08 16:10:00,1.2865,1.286,1.28646
769,1.28602,2024-03-08 16:15:00,1.28643,1.28599,1.28624
770,1.28586,2024-03-08 16:20:00,1.28616,1.28577,1.28602
771,1.28557,2024-03-08 16:25:00,1.28588,1.28547,1.28588
772,1.28564,2024-03-08 16:30:00,1.28582,1.28542,1.28557
773,1.28545,2024-03-08 16:35:00,1.28586,1.28545,1.28564
774,1.28484,2024-03-08 16:40:00,1.28556,1.28483,1.28544
775,1.2846,2024-03-08 16:45:00,1.28486,1.28434,1.28485
776,1.28484,2024-03-08 16:50:00,1.28532,1.28454,1.2846
777,1.28498,2024-03-08 16:55:00,1.28508,1.28475,1.28484
778,1.28523,2024-03-08 17:00:00,1.28527,1.28498,1.28499
