,close,date,high,low,open
0,1.26639,2024-02-23 00:00:00,1.26639,1.26615,1.26618
1,1.26659,2024-02-23 00:05:00,1.26665,1.26632,1.26639
2,1.26662,2024-02-23 00:10:00,1.26666,1.26656,1.26658
3,1.26647,2024-02-23 00:15:00,1.26664,1.26636,1.26661
4,1.26646,2024-02-23 00:20:00,1.26658,1.26644,1.26648
5,1.26655,2024-02-23 00:25:00,1.26656,1.26646,1.26646
6,1.26653,2024-02-23 00:30:00,1.26663,1.26649,1.26656
7,1.26531,2024-02-23 00:35:00,1.26652,1.26486,1.26652
8,1.26575,2024-02-23 00:40:00,1.26579,1.26519,1.26532
9,1.2654,2024-02-23 00:45:00,1.26577,1.26535,1.26576
10,1.26569,2024-02-23 00:50:00,1.26571,1.26536,1.26541
11,1.26576,2024-02-23 00:55:00,1.26592,1.26568,1.2657
12,1.26618,2024-02-23 01:00:00,1.26624,1.26576,1.26576
13,1.2664,2024-02-23 01:05:00,1.26645,1.26601,1.26618
14,1.26627,2024-02-23 01:10:00,1.26648,1.26622,1.2664
15,1.26619,2024-02-23 01:15:00,1.26631,1.26608,1.26626
16,1.26627,2024-02-23 01:20:00,1.26631,1.26615,1.26618
17,1.26614,2024-02-23 01:25:00,1.26628,1.26605,1.26628
18,1.26614,2024-02-23 01:30:00,1.2663,1.26612,1.26613
19,1.26616,2024-02-23 01:35:00,1.26632,1.26614,1.26614
20,1.26654,2024-02-23 01:40:00,1.26657,1.26608,1.26615
21,1.26652,2024-02-23 01:45:00,1.26664,1.26648,1.26655
22,1.26637,2024-02-23 01:50:00,1.26652,1.26628,1.26652
23,1.26627,2024-02-23 01:55:00,1.26639,1.26604,1.26638
24,1.26626,2024-02-23 02:00:00,1.2663,1.26607,1.26628
25,1.26626,2024-02-23 02:05:00,1.26634,1.26617,1.26627
26,1.26648,2024-02-23 02:10:00,1.26656,1.26625,1.26627
27,1.26646,2024-02-23 02:15:00,1.26658,1.26639,1.26648
28,1.26658,2024-02-23 02:20:00,1.26661,1.26645,1.26646
29,1.26633,2024-02-23 02:25:00,1.26659,1.26628,1.26658
30,1.26622,2024-02-23 02:30:00,1.26634,1.26615,1.26634
31,1.26624,2024-02-23 02:35:00,1.26626,1.26616,1.26624
32,1.26654,2024-02-23 02:40:00,1.26655,1.26623,1.26624
33,1.26654,2024-02-23 02:45:00,1.26656,1.26646,1.26654
34,1.26626,2024-02-23 02:50:00,1.26655,1.26626,1.26654
35,1.26627,2024-02-23 02:55:00,1.2664,1.26619,1.26627
36,1.26612,2024-02-23 03:00:00,1.26628,1.26608,1.26628
37,1.2659,2024-02-23 03:05:00,1.26617,1.26588,1.26612
38,1.26585,2024-02-23 03:10:00,1.26591,1.26578,1.26589
39,1.26588,2024-02-23 03:15:00,1.26588,1.2658,1.26585
40,1.26609,2024-02-23 03:20:00,1.26611,1.26587,1.26588
41,1.26599,2024-02-23 03:25:00,1.26618,1.26596,1.2661
42,1.26608,2024-02-23 03:30:00,1.26608,1.26599,1.26599
43,1.26586,2024-02-23 03:35:00,1.2661,1.2658,1.26608
44,1.26597,2024-02-23 03:40:00,1.26604,1.26581,1.26585
45,1.26605,2024-02-23 03:45:00,1.26608,1.26596,1.26598
46,1.26629,2024-02-23 03:50:00,1.26634,1.26605,1.26605
47,1.26643,2024-02-23 03:55:00,1.26643,1.26619,1.26629
48,1.26649,2024-02-23 04:00:00,1.2665,1.26636,1.26642
49,1.26652,2024-02-23 04:05:00,1.26658,1.26649,1.26649
50,1.2665,2024-02-23 04:10:00,1.26652,1.2664,1.26652
51,1.2666,2024-02-23 04:15:00,1.2666,1.26649,1.2665
52,1.26659,2024-02-23 04:20:00,1.26663,1.26657,1.26659
53,1.2666,2024-02-23 04:25:00,1.2666,1.26656,1.2666
54,1.26658,2024-02-23 04:30:00,1.26662,1.26655,1.2666
55,1.26661,2024-02-23 04:35:00,1.26662,1.26656,1.26659
56,1.26658,2024-02-23 04:40:00,1.26661,1.26656,1.2666
57,1.2666,2024-02-23 04:45:00,1.2666,1.26657,1.26658
58,1.26658,2024-02-23 04:50:00,1.2666,1.2665,1.2666
59,1.26652,2024-02-23 04:55:00,1.26659,1.26651,1.26658
60,1.26648,2024-02-23 05:00:00,1.26656,1.26642,1.26654
61,1.26645,2024-02-23 05:05:00,1.2665,1.26644,1.26648
62,1.26652,2024-02-23 05:10:00,1.26652,1.26644,1.26646
63,1.2665,2024-02-23 05:15:00,1.2666,1.26648,1.26652
64,1.26658,2024-02-23 05:20:00,1.26658,1.26647,1.2665
65,1.2665,2024-02-23 05:25:00,1.26658,1.26646,1.26658
66,1.26651,2024-02-23 05:30:00,1.26657,1.26648,1.2665
67,1.2664,2024-02-23 05:35:00,1.26652,1.26639,1.2665
68,1.2664,2024-02-23 05:40:00,1.26642,1.26638,1.2664
69,1.2663,2024-02-23 05:45:00,1.26642,1.26628,1.2664
70,1.26621,2024-02-23 05:50:00,1.26632,1.26608,1.2663
71,1.26619,2024-02-23 05:55:00,1.26628,1.26618,1.26622
72,1.26632,2024-02-23 06:00:00,1.26634,1.26612,1.2662
73,1.2662,2024-02-23 06:05:00,1.26637,1.26616,1.26632
74,1.26631,2024-02-23 06:10:00,1.26635,1.2662,1.2662
75,1.2663,2024-02-23 06:15:00,1.26636,1.26625,1.26631
76,1.26605,2024-02-23 06:20:00,1.26635,1.26599,1.2663
77,1.26621,2024-02-23 06:25:00,1.26623,1.26596,1.26603
78,1.26619,2024-02-23 06:30:00,1.26629,1.26618,1.26622
79,1.26619,2024-02-23 06:35:00,1.26627,1.26616,1.26618
80,1.26618,2024-02-23 06:40:00,1.26626,1.26616,1.26619
81,1.26616,2024-02-23 06:45:00,1.26624,1.26615,1.26617
82,1.26638,2024-02-23 06:50:00,1.26639,1.26614,1.26618
83,1.26645,2024-02-23 06:55:00,1.2668,1.26638,1.26638
84,1.26654,2024-02-23 07:00:00,1.26658,1.26626,1.26644
85,1.26644,2024-02-23 07:05:00,1.2667,1.26634,1.26654
86,1.26661,2024-02-23 07:10:00,1.26669,1.26616,1.26643
87,1.26658,2024-02-23 07:15:00,1.2667,1.26645,1.26662
88,1.26656,2024-02-23 07:20:00,1.26676,1.26654,1.26658
89,1.26648,2024-02-23 07:25:00,1.26667,1.26635,1.26655
90,1.26637,2024-02-23 07:30:00,1.2666,1.26634,1.26648
91,1.26623,2024-02-23 07:35:00,1.26647,1.26612,1.26636
92,1.26645,2024-02-23 07:40:00,1.2666,1.26616,1.26622
93,1.26666,2024-02-23 07:45:00,1.26668,1.26645,1.26646
94,1.26708,2024-02-23 07:50:00,1.26714,1.26665,1.26667
95,1.26698,2024-02-23 07:55:00,1.26721,1.26678,1.26708
96,1.26748,2024-02-23 08:00:00,1.26766,1.2667,1.26699
97,1.26692,2024-02-23 08:05:00,1.26769,1.26688,1.26749
98,1.26708,2024-02-23 08:10:00,1.26708,1.26674,1.26693
99,1.26723,2024-02-23 08:15:00,1.26724,1.26685,1.26708
100,1.2673,2024-02-23 08:20:00,1.26741,1.26714,1.26722
101,1.26709,2024-02-23 08:25:00,1.26732,1.26685,1.26731
102,1.26698,2024-02-23 08:30:00,1.26739,1.26698,1.2671
103,1.26688,2024-02-23 08:35:00,1.26702,1.26665,1.26698
104,1.26694,2024-02-23 08:40:00,1.26708,1.26688,1.26688
105,1.2667,2024-02-23 08:45:00,1.26695,1.26646,1.26695
106,1.26655,2024-02-23 08:50:00,1.26678,1.26655,1.26668
107,1.2667,2024-02-23 08:55:00,1.26672,1.2664,1.26655
108,1.26632,2024-02-23 09:00:00,1.26672,1.26627,1.26672
109,1.26662,2024-02-23 09:05:00,1.26662,1.26624,1.26632
110,1.26662,2024-02-23 09:10:00,1.26678,1.26647,1.26662
111,1.26642,2024-02-23 09:15:00,1.26669,1.26635,1.26662
112,1.26618,2024-02-23 09:20:00,1.2668,1.26615,1.26642
113,1.26576,2024-02-23 09:25:00,1.26623,1.26568,1.26617
114,1.26544,2024-02-23 09:30:00,1.2659,1.26542,1.26576
115,1.2655,2024-02-23 09:35:00,1.2657,1.26536,1.26545
116,1.26506,2024-02-23 09:40:00,1.2656,1.26503,1.26549
117,1.26557,2024-02-23 09:45:00,1.2656,1.2649,1.26506
118,1.265,2024-02-23 09:50:00,1.26557,1.26492,1.26557
119,1.26563,2024-02-23 09:55:00,1.26572,1.26498,1.26499
120,1.26614,2024-02-23 10:00:00,1.26615,1.26562,1.26564
121,1.26591,2024-02-23 10:05:00,1.2663,1.26586,1.26614
122,1.2662,2024-02-23 10:10:00,1.26626,1.26586,1.26591
123,1.26622,2024-02-23 10:15:00,1.2663,1.26605,1.26619
124,1.2664,2024-02-23 10:20:00,1.26648,1.26618,1.26622
125,1.26659,2024-02-23 10:25:00,1.26661,1.26634,1.2664
126,1.2667,2024-02-23 10:30:00,1.26699,1.26652,1.2666
127,1.26645,2024-02-23 10:35:00,1.26675,1.26641,1.26669
128,1.26642,2024-02-23 10:40:00,1.26667,1.26641,1.26644
129,1.26688,2024-02-23 10:45:00,1.26693,1.2664,1.26642
130,1.26732,2024-02-23 10:50:00,1.26735,1.26685,1.26688
131,1.26738,2024-02-23 10:55:00,1.26757,1.26717,1.26732
132,1.2673,2024-02-23 11:00:00,1.26759,1.26726,1.26737
133,1.26748,2024-02-23 11:05:00,1.26748,1.26725,1.2673
134,1.26776,2024-02-23 11:10:00,1.26787,1.26746,1.2675
135,1.26808,2024-02-23 11:15:00,1.26844,1.26773,1.26778
136,1.26831,2024-02-23 11:20:00,1.26847,1.26805,1.26809
137,1.26815,2024-02-23 11:25:00,1.26831,1.26809,1.26831
138,1.26809,2024-02-23 11:30:00,1.26824,1.26794,1.26816
139,1.26796,2024-02-23 11:35:00,1.26811,1.26773,1.26809
140,1.26835,2024-02-23 11:40:00,1.26835,1.26796,1.26796
141,1.26808,2024-02-23 11:45:00,1.26849,1.26807,1.26835
142,1.26817,2024-02-23 11:50:00,1.26837,1.26792,1.26807
143,1.26806,2024-02-23 11:55:00,1.2682,1.2679,1.26815
144,1.26821,2024-02-23 12:00:00,1.26834,1.268,1.26806
145,1.26809,2024-02-23 12:05:00,1.26821,1.26796,1.26821
146,1.26819,2024-02-23 12:10:00,1.26826,1.26804,1.2681
147,1.26831,2024-02-23 12:15:00,1.26836,1.26806,1.26819
148,1.26875,2024-02-23 12:20:00,1.2688,1.26829,1.26831
149,1.26904,2024-02-23 12:25:00,1.26919,1.26866,1.26875
150,1.26969,2024-02-23 12:30:00,1.2697,1.26904,1.26904
151,1.26961,2024-02-23 12:35:00,1.26976,1.26944,1.26968
152,1.26956,2024-02-23 12:40:00,1.26992,1.26944,1.2696
153,1.26985,2024-02-23 12:45:00,1.26985,1.2695,1.26956
154,1.26983,2024-02-23 12:50:00,1.27002,1.26978,1.26985
155,1.26993,2024-02-23 12:55:00,1.27015,1.2698,1.26982
156,1.26932,2024-02-23 13:00:00,1.26994,1.26915,1.26994
157,1.2695,2024-02-23 13:05:00,1.2695,1.26902,1.26932
158,1.26956,2024-02-23 13:10:00,1.26965,1.26943,1.2695
159,1.26959,2024-02-23 13:15:00,1.26976,1.26936,1.26956
160,1.26916,2024-02-23 13:20:00,1.26962,1.26916,1.2696
161,1.26895,2024-02-23 13:25:00,1.2694,1.26885,1.26916
162,1.2686,2024-02-23 13:30:00,1.26896,1.26856,1.26894
163,1.26891,2024-02-23 13:35:00,1.26895,1.26823,1.2686
164,1.26873,2024-02-23 13:40:00,1.26904,1.26858,1.26892
165,1.26895,2024-02-23 13:45:00,1.26902,1.26873,1.26873
166,1.26904,2024-02-23 13:50:00,1.26932,1.26878,1.26896
167,1.26936,2024-02-23 13:55:00,1.2694,1.2689,1.26904
168,1.26899,2024-02-23 14:00:00,1.26962,1.26892,1.26936
169,1.26859,2024-02-23 14:05:00,1.269,1.26857,1.269
170,1.26839,2024-02-23 14:10:00,1.26867,1.26834,1.26859
171,1.26866,2024-02-23 14:15:00,1.26868,1.26836,1.26838
172,1.26909,2024-02-23 14:20:00,1.26919,1.26866,1.26866
173,1.2692,2024-02-23 14:25:00,1.26938,1.26904,1.2691
174,1.26973,2024-02-23 14:30:00,1.27002,1.26918,1.26919
175,1.26927,2024-02-23 14:35:00,1.26979,1.26925,1.26974
176,1.26928,2024-02-23 14:40:00,1.26939,1.26917,1.26926
177,1.26935,2024-02-23 14:45:00,1.2694,1.26912,1.26928
178,1.26923,2024-02-23 14:50:00,1.26936,1.26888,1.26935
179,1.26904,2024-02-23 14:55:00,1.26937,1.26894,1.26924
180,1.2688,2024-02-23 15:00:00,1.26907,1.2687,1.26903
181,1.26845,2024-02-23 15:05:00,1.26893,1.26824,1.2688
182,1.26827,2024-02-23 15:10:00,1.26858,1.26792,1.26845
183,1.26821,2024-02-23 15:15:00,1.26834,1.26798,1.26826
184,1.26829,2024-02-23 15:20:00,1.2684,1.268,1.26821
185,1.26786,2024-02-23 15:25:00,1.26831,1.26774,1.26829
186,1.26747,2024-02-23 15:30:00,1.26805,1.26744,1.26786
187,1.26749,2024-02-23 15:35:00,1.26753,1.26725,1.26747
188,1.26712,2024-02-23 15:40:00,1.26772,1.2671,1.26748
189,1.26685,2024-02-23 15:45:00,1.26713,1.26682,1.26712
190,1.26752,2024-02-23 15:50:00,1.26752,1.26673,1.26684
191,1.26775,2024-02-23 15:55:00,1.26786,1.2675,1.2675
192,1.26759,2024-02-23 16:00:00,1.26788,1.26748,1.26776
193,1.26722,2024-02-23 16:05:00,1.26762,1.26699,1.26758
194,1.26666,2024-02-23 16:10:00,1.26723,1.26656,1.26723
195,1.26674,2024-02-23 16:15:00,1.26698,1.2666,1.26666
196,1.26701,2024-02-23 16:20:00,1.2671,1.26668,1.26674
197,1.2673,2024-02-23 16:25:00,1.26736,1.2669,1.267
198,1.26742,2024-02-23 16:30:00,1.26752,1.26723,1.2673
199,1.26747,2024-02-23 16:35:00,1.26756,1.26726,1.26742
200,1.26747,2024-02-23 16:40:00,1.26778,1.26746,1.26747
201,1.26762,2024-02-23 16:45:00,1.26765,1.26736,1.26747
202,1.26785,2024-02-23 16:50:00,1.26795,1.26757,1.26762
203,1.26766,2024-02-23 16:55:00,1.26802,1.26759,1.26785
204,1.26756,2024-02-23 17:00:00,1.26776,1.26746,1.26764
205,1.26775,2024-02-23 17:05:00,1.26786,1.26756,1.26756
206,1.2678,2024-02-23 17:10:00,1.26788,1.26745,1.26775
207,1.26781,2024-02-23 17:15:00,1.26791,1.26774,1.26778
208,1.26778,2024-02-23 17:20:00,1.26795,1.26775,1.26781
209,1.26792,2024-02-23 17:25:00,1.26793,1.2677,1.2678
210,1.2683,2024-02-23 17:30:00,1.26842,1.26788,1.26792
211,1.26804,2024-02-23 17:35:00,1.26833,1.26796,1.26829
212,1.26811,2024-02-23 17:40:00,1.26813,1.26781,1.26803
213,1.26792,2024-02-23 17:45:00,1.26829,1.2679,1.26812
214,1.26749,2024-02-23 17:50:00,1.26802,1.26748,1.26791
215,1.26784,2024-02-23 17:55:00,1.26786,1.26747,1.2675
216,1.2679,2024-02-23 18:00:00,1.26806,1.2678,1.26783
217,1.26778,2024-02-23 18:05:00,1.26794,1.26778,1.2679
218,1.26791,2024-02-23 18:10:00,1.26795,1.26767,1.26779
219,1.26794,2024-02-23 18:15:00,1.26801,1.26788,1.2679
220,1.268,2024-02-23 18:20:00,1.26812,1.26789,1.26792
221,1.26839,2024-02-23 18:25:00,1.26846,1.26799,1.268
222,1.2685,2024-02-23 18:30:00,1.26862,1.26816,1.26838
223,1.26838,2024-02-23 18:35:00,1.2685,1.26836,1.2685
224,1.26844,2024-02-23 18:40:00,1.26845,1.26827,1.26836
225,1.26848,2024-02-23 18:45:00,1.2685,1.26835,1.26844
226,1.26849,2024-02-23 18:50:00,1.26855,1.2684,1.26848
227,1.26808,2024-02-23 18:55:00,1.2685,1.26807,1.26849
228,1.26798,2024-02-23 19:00:00,1.26808,1.26788,1.26808
229,1.26786,2024-02-23 19:05:00,1.26806,1.26777,1.26798
230,1.26784,2024-02-23 19:10:00,1.26791,1.26766,1.26787
231,1.26771,2024-02-23 19:15:00,1.26788,1.26764,1.26785
232,1.26741,2024-02-23 19:20:00,1.26775,1.26738,1.26772
233,1.26728,2024-02-23 19:25:00,1.2675,1.26724,1.2674
234,1.2674,2024-02-23 19:30:00,1.2674,1.26725,1.26728
235,1.26735,2024-02-23 19:35:00,1.26748,1.26725,1.2674
236,1.26718,2024-02-23 19:40:00,1.26735,1.26716,1.26734
237,1.26727,2024-02-23 19:45:00,1.26737,1.26714,1.26718
238,1.26756,2024-02-23 19:50:00,1.2676,1.26725,1.26726
239,1.26747,2024-02-23 19:55:00,1.26757,1.26727,1.26757
240,1.26747,2024-02-23 20:00:00,1.26756,1.26735,1.26748
241,1.26722,2024-02-23 20:05:00,1.2675,1.26716,1.26747
242,1.26722,2024-02-23 20:10:00,1.2674,1.26714,1.26722
243,1.2671,2024-02-23 20:15:00,1.26732,1.26708,1.26722
244,1.26706,2024-02-23 20:20:00,1.26718,1.26704,1.26711
245,1.26684,2024-02-23 20:25:00,1.26712,1.2668,1.26707
246,1.26668,2024-02-23 20:30:00,1.26694,1.26666,1.26685
247,1.26682,2024-02-23 20:35:00,1.26692,1.26666,1.26666
248,1.26677,2024-02-23 20:40:00,1.26685,1.2667,1.26682
249,1.26698,2024-02-23 20:45:00,1.26702,1.26668,1.26676
250,1.26696,2024-02-23 20:50:00,1.26702,1.2669,1.26698
251,1.26698,2024-02-23 20:55:00,1.26713,1.26687,1.26696
252,1.2668,2024-02-23 21:00:00,1.267,1.26674,1.26698
253,1.26688,2024-02-23 21:05:00,1.2669,1.2667,1.26681
254,1.2669,2024-02-23 21:10:00,1.26702,1.26686,1.26689
255,1.26693,2024-02-23 21:15:00,1.26696,1.26684,1.2669
256,1.26692,2024-02-23 21:20:00,1.26694,1.26688,1.26694
257,1.26702,2024-02-23 21:25:00,1.26712,1.26693,1.26693
258,1.26698,2024-02-23 21:30:00,1.26716,1.26696,1.26702
259,1.26697,2024-02-23 21:35:00,1.26706,1.26696,1.26696
260,1.26708,2024-02-23 21:40:00,1.2671,1.26698,1.26698
261,1.26712,2024-02-23 21:45:00,1.2672,1.26698,1.26709
262,1.267,2024-02-23 21:50:00,1.26728,1.26699,1.26712
