,close,date,high,low,open
0,1.26606,2024-03-04 00:00:00,1.2661,1.26595,1.26605
1,1.26609,2024-03-04 00:05:00,1.26612,1.26605,1.26606
2,1.26626,2024-03-04 00:10:00,1.26629,1.26606,1.26608
3,1.26643,2024-03-04 00:15:00,1.26644,1.26625,1.26626
4,1.26634,2024-03-04 00:20:00,1.26653,1.26618,1.26644
5,1.26646,2024-03-04 00:25:00,1.26647,1.26632,1.26634
6,1.26644,2024-03-04 00:30:00,1.26656,1.26642,1.26646
7,1.26644,2024-03-04 00:35:00,1.26664,1.26635,1.26644
8,1.26662,2024-03-04 00:40:00,1.26664,1.26642,1.26644
9,1.26652,2024-03-04 00:45:00,1.26664,1.26652,1.26662
10,1.26658,2024-03-04 00:50:00,1.26663,1.2664,1.26653
11,1.26654,2024-03-04 00:55:00,1.26665,1.26642,1.2666
12,1.26628,2024-03-04 01:00:00,1.26658,1.26625,1.26655
13,1.26608,2024-03-04 01:05:00,1.26629,1.26606,1.26628
14,1.26612,2024-03-04 01:10:00,1.26614,1.266,1.26609
15,1.26637,2024-03-04 01:15:00,1.26646,1.26612,1.26612
16,1.26609,2024-03-04 01:20:00,1.26636,1.26609,1.26636
17,1.26619,2024-03-04 01:25:00,1.26622,1.26605,1.2661
18,1.26596,2024-03-04 01:30:00,1.26624,1.26588,1.26619
19,1.266,2024-03-04 01:35:00,1.26608,1.26593,1.26596
20,1.2658,2024-03-04 01:40:00,1.26605,1.26577,1.266
21,1.26586,2024-03-04 01:45:00,1.26588,1.26575,1.2658
22,1.26566,2024-03-04 01:50:00,1.26586,1.26564,1.26586
23,1.26598,2024-03-04 01:55:00,1.266,1.26566,1.26568
24,1.26564,2024-03-04 02:00:00,1.266,1.26564,1.26599
25,1.26568,2024-03-04 02:05:00,1.26584,1.2656,1.26564
26,1.2659,2024-03-04 02:10:00,1.26596,1.26563,1.26567
27,1.26615,2024-03-04 02:15:00,1.26617,1.26588,1.2659
28,1.26608,2024-03-04 02:20:00,1.26618,1.26606,1.26616
29,1.26625,2024-03-04 02:25:00,1.26628,1.26606,1.26608
30,1.26639,2024-03-04 02:30:00,1.26639,1.26619,1.26625
31,1.26628,2024-03-04 02:35:00,1.26649,1.26626,1.26639
32,1.26635,2024-03-04 02:40:00,1.26639,1.26626,1.26627
33,1.26653,2024-03-04 02:45:00,1.26654,1.26634,1.26635
34,1.26656,2024-03-04 02:50:00,1.2666,1.26649,1.26652
35,1.26656,2024-03-04 02:55:00,1.2666,1.26654,1.26657
36,1.26638,2024-03-04 03:00:00,1.26665,1.2663,1.26657
37,1.26637,2024-03-04 03:05:00,1.26641,1.26624,1.26638
38,1.26624,2024-03-04 03:10:00,1.26638,1.26623,1.26636
39,1.26648,2024-03-04 03:15:00,1.2665,1.26624,1.26624
40,1.26659,2024-03-04 03:20:00,1.26666,1.26646,1.26646
41,1.26647,2024-03-04 03:25:00,1.2666,1.26644,1.2666
42,1.26636,2024-03-04 03:30:00,1.26648,1.2663,1.26646
43,1.26644,2024-03-04 03:35:00,1.26646,1.26633,1.26636
44,1.26638,2024-03-04 03:40:00,1.26648,1.26626,1.26643
45,1.26654,2024-03-04 03:45:00,1.26655,1.26636,1.26638
46,1.26658,2024-03-04 03:50:00,1.26661,1.2665,1.26654
47,1.26648,2024-03-04 03:55:00,1.26661,1.26646,1.26658
48,1.26655,2024-03-04 04:00:00,1.26668,1.26648,1.26649
49,1.26666,2024-03-04 04:05:00,1.26668,1.26654,1.26655
50,1.26664,2024-03-04 04:10:00,1.26667,1.26658,1.26665
51,1.26664,2024-03-04 04:15:00,1.26666,1.2666,1.26665
52,1.26665,2024-03-04 04:20:00,1.26666,1.26662,1.26664
53,1.26659,2024-03-04 04:25:00,1.26666,1.26658,1.26665
54,1.26658,2024-03-04 04:30:00,1.26661,1.26654,1.26658
55,1.26657,2024-03-04 04:35:00,1.26662,1.26655,1.26659
56,1.26646,2024-03-04 04:40:00,1.26658,1.26644,1.26658
57,1.26635,2024-03-04 04:45:00,1.26649,1.26634,1.26648
58,1.26636,2024-03-04 04:50:00,1.26644,1.26624,1.26634
59,1.26635,2024-03-04 04:55:00,1.2664,1.26626,1.26636
60,1.26625,2024-03-04 05:00:00,1.26646,1.26625,1.26635
61,1.26643,2024-03-04 05:05:00,1.26644,1.26624,1.26625
62,1.26653,2024-03-04 05:10:00,1.26658,1.26642,1.26643
63,1.26656,2024-03-04 05:15:00,1.26668,1.26649,1.26652
64,1.26657,2024-03-04 05:20:00,1.26665,1.26654,1.26657
65,1.26654,2024-03-04 05:25:00,1.26667,1.26653,1.26658
66,1.26646,2024-03-04 05:30:00,1.26657,1.26644,1.26654
67,1.26642,2024-03-04 05:35:00,1.26652,1.26638,1.26646
68,1.26637,2024-03-04 05:40:00,1.26647,1.26636,1.26641
69,1.26624,2024-03-04 05:45:00,1.2664,1.2662,1.26638
70,1.26635,2024-03-04 05:50:00,1.26638,1.26612,1.26624
71,1.26625,2024-03-04 05:55:00,1.26638,1.26622,1.26634
72,1.26623,2024-03-04 06:00:00,1.26625,1.26612,1.26625
73,1.26642,2024-03-04 06:05:00,1.26645,1.26616,1.26622
74,1.26642,2024-03-04 06:10:00,1.26648,1.26635,1.26644
75,1.26648,2024-03-04 06:15:00,1.2665,1.26639,1.26642
76,1.26636,2024-03-04 06:20:00,1.26648,1.26635,1.26648
77,1.26624,2024-03-04 06:25:00,1.26636,1.26616,1.26635
78,1.2665,2024-03-04 06:30:00,1.26655,1.26621,1.26622
79,1.26636,2024-03-04 06:35:00,1.2666,1.26636,1.26652
80,1.2664,2024-03-04 06:40:00,1.26644,1.26634,1.26637
81,1.26645,2024-03-04 06:45:00,1.26662,1.2664,1.26641
82,1.26672,2024-03-04 06:50:00,1.26672,1.26634,1.26645
83,1.26662,2024-03-04 06:55:00,1.26673,1.2666,1.26673
84,1.26693,2024-03-04 07:00:00,1.267,1.26663,1.26663
85,1.26717,2024-03-04 07:05:00,1.26717,1.26684,1.26693
86,1.26684,2024-03-04 07:10:00,1.26717,1.26682,1.26716
87,1.26648,2024-03-04 07:15:00,1.26684,1.26642,1.26684
88,1.26652,2024-03-04 07:20:00,1.26657,1.26634,1.26649
89,1.26642,2024-03-04 07:25:00,1.26655,1.26638,1.26652
90,1.26674,2024-03-04 07:30:00,1.26687,1.26644,1.26644
91,1.26709,2024-03-04 07:35:00,1.26712,1.2667,1.26674
92,1.26736,2024-03-04 07:40:00,1.26737,1.26705,1.26708
93,1.26774,2024-03-04 07:45:00,1.2678,1.26732,1.26736
94,1.26776,2024-03-04 07:50:00,1.26783,1.26773,1.26775
95,1.26785,2024-03-04 07:55:00,1.26786,1.26762,1.26775
96,1.26795,2024-03-04 08:00:00,1.26799,1.26772,1.26785
97,1.26788,2024-03-04 08:05:00,1.268,1.26779,1.26796
98,1.26763,2024-03-04 08:10:00,1.26797,1.26762,1.26788
99,1.26726,2024-03-04 08:15:00,1.26764,1.26718,1.26764
100,1.26702,2024-03-04 08:20:00,1.26754,1.26702,1.26726
101,1.26676,2024-03-04 08:25:00,1.26728,1.26669,1.26704
102,1.26688,2024-03-04 08:30:00,1.26696,1.26662,1.26676
103,1.26716,2024-03-04 08:35:00,1.26725,1.26668,1.26688
104,1.26688,2024-03-04 08:40:00,1.26718,1.26683,1.26716
105,1.2669,2024-03-04 08:45:00,1.2671,1.26658,1.26688
106,1.26709,2024-03-04 08:50:00,1.26721,1.26688,1.2669
107,1.26698,2024-03-04 08:55:00,1.26719,1.26694,1.26708
108,1.26684,2024-03-04 09:00:00,1.26718,1.26664,1.26699
109,1.26694,2024-03-04 09:05:00,1.26705,1.26666,1.26683
110,1.26705,2024-03-04 09:10:00,1.26716,1.26683,1.26694
111,1.26674,2024-03-04 09:15:00,1.26725,1.26664,1.26704
112,1.26707,2024-03-04 09:20:00,1.26713,1.26673,1.26673
113,1.26722,2024-03-04 09:25:00,1.26722,1.26702,1.26706
114,1.26725,2024-03-04 09:30:00,1.26737,1.26714,1.26722
115,1.26727,2024-03-04 09:35:00,1.26751,1.26723,1.26723
116,1.26768,2024-03-04 09:40:00,1.26768,1.26724,1.26728
117,1.26794,2024-03-04 09:45:00,1.26798,1.26755,1.26769
118,1.26777,2024-03-04 09:50:00,1.268,1.26777,1.26794
119,1.26778,2024-03-04 09:55:00,1.26778,1.26755,1.26776
120,1.26785,2024-03-04 10:00:00,1.26798,1.26774,1.26778
121,1.26748,2024-03-04 10:05:00,1.26789,1.26732,1.26785
122,1.2674,2024-03-04 10:10:00,1.26766,1.26735,1.26747
123,1.26763,2024-03-04 10:15:00,1.2677,1.26737,1.26739
124,1.26766,2024-03-04 10:20:00,1.2678,1.26744,1.26764
125,1.26755,2024-03-04 10:25:00,1.26767,1.26752,1.26765
126,1.26754,2024-03-04 10:30:00,1.26766,1.26744,1.26756
127,1.26776,2024-03-04 10:35:00,1.26781,1.2675,1.26755
128,1.26774,2024-03-04 10:40:00,1.26786,1.26772,1.26776
129,1.26777,2024-03-04 10:45:00,1.26782,1.26764,1.26773
130,1.26778,2024-03-04 10:50:00,1.26781,1.26741,1.26776
131,1.26754,2024-03-04 10:55:00,1.26781,1.26742,1.26778
132,1.26759,2024-03-04 11:00:00,1.26765,1.26742,1.26754
133,1.26757,2024-03-04 11:05:00,1.26771,1.26745,1.2676
134,1.26776,2024-03-04 11:10:00,1.26778,1.26745,1.26756
135,1.26746,2024-03-04 11:15:00,1.26778,1.26745,1.26777
136,1.26717,2024-03-04 11:20:00,1.26746,1.26716,1.26745
137,1.26728,2024-03-04 11:25:00,1.26749,1.26712,1.26716
138,1.26768,2024-03-04 11:30:00,1.2677,1.26728,1.26728
139,1.26778,2024-03-04 11:35:00,1.26784,1.26765,1.26766
140,1.2679,2024-03-04 11:40:00,1.26791,1.26769,1.26776
141,1.26785,2024-03-04 11:45:00,1.26791,1.26774,1.26789
142,1.26774,2024-03-04 11:50:00,1.26788,1.26773,1.26786
143,1.26776,2024-03-04 11:55:00,1.26782,1.26772,1.26776
144,1.26824,2024-03-04 12:00:00,1.26839,1.26776,1.26776
145,1.26785,2024-03-04 12:05:00,1.26824,1.2678,1.26824
146,1.26785,2024-03-04 12:10:00,1.26796,1.26774,1.26785
147,1.26774,2024-03-04 12:15:00,1.2679,1.26772,1.26784
148,1.26793,2024-03-04 12:20:00,1.26795,1.26762,1.26772
149,1.26791,2024-03-04 12:25:00,1.2681,1.26781,1.26792
150,1.26791,2024-03-04 12:30:00,1.26796,1.26768,1.26792
151,1.26828,2024-03-04 12:35:00,1.26828,1.26791,1.26791
152,1.26805,2024-03-04 12:40:00,1.26829,1.26804,1.26827
153,1.26798,2024-03-04 12:45:00,1.2681,1.26794,1.26804
154,1.26757,2024-03-04 12:50:00,1.268,1.26753,1.26798
155,1.26748,2024-03-04 12:55:00,1.26768,1.26722,1.26757
156,1.26735,2024-03-04 13:00:00,1.2676,1.26723,1.26748
157,1.26734,2024-03-04 13:05:00,1.26759,1.26729,1.26734
158,1.26755,2024-03-04 13:10:00,1.26778,1.26727,1.26735
159,1.26718,2024-03-04 13:15:00,1.2676,1.26706,1.26756
160,1.26706,2024-03-04 13:20:00,1.26728,1.26702,1.26716
161,1.26686,2024-03-04 13:25:00,1.26705,1.26661,1.26705
162,1.26717,2024-03-04 13:30:00,1.26735,1.2667,1.26686
163,1.2668,2024-03-04 13:35:00,1.26728,1.26673,1.26718
164,1.26728,2024-03-04 13:40:00,1.26735,1.26674,1.2668
165,1.26725,2024-03-04 13:45:00,1.26755,1.26707,1.26728
166,1.26758,2024-03-04 13:50:00,1.26765,1.26718,1.26726
167,1.26776,2024-03-04 13:55:00,1.26782,1.26746,1.26757
168,1.26786,2024-03-04 14:00:00,1.2679,1.26762,1.26776
169,1.26749,2024-03-04 14:05:00,1.26787,1.26744,1.26785
170,1.26758,2024-03-04 14:10:00,1.26772,1.2673,1.2675
171,1.26827,2024-03-04 14:15:00,1.2683,1.26759,1.26759
172,1.26825,2024-03-04 14:20:00,1.2683,1.26815,1.26826
173,1.26795,2024-03-04 14:25:00,1.26826,1.26783,1.26826
174,1.26803,2024-03-04 14:30:00,1.26823,1.26785,1.26795
175,1.26811,2024-03-04 14:35:00,1.26819,1.26794,1.26804
176,1.26852,2024-03-04 14:40:00,1.26865,1.26806,1.26811
177,1.26847,2024-03-04 14:45:00,1.26871,1.26832,1.26853
178,1.26903,2024-03-04 14:50:00,1.26914,1.26846,1.26848
179,1.26926,2024-03-04 14:55:00,1.26932,1.26903,1.26904
180,1.269,2024-03-04 15:00:00,1.26931,1.26883,1.26925
181,1.2688,2024-03-04 15:05:00,1.26929,1.26879,1.269
182,1.269,2024-03-04 15:10:00,1.26902,1.2687,1.26881
183,1.26958,2024-03-04 15:15:00,1.26961,1.26884,1.269
184,1.26963,2024-03-04 15:20:00,1.26966,1.2695,1.2696
185,1.2696,2024-03-04 15:25:00,1.2697,1.2695,1.26962
186,1.2695,2024-03-04 15:30:00,1.26962,1.2693,1.2696
187,1.26952,2024-03-04 15:35:00,1.26966,1.26942,1.26948
188,1.26997,2024-03-04 15:40:00,1.26997,1.2695,1.26952
189,1.26974,2024-03-04 15:45:00,1.27003,1.26932,1.26998
190,1.26976,2024-03-04 15:50:00,1.26993,1.26962,1.26972
191,1.2698,2024-03-04 15:55:00,1.26994,1.26966,1.26975
192,1.26991,2024-03-04 16:00:00,1.27001,1.2697,1.2698
193,1.27041,2024-03-04 16:05:00,1.2705,1.2699,1.2699
194,1.27058,2024-03-04 16:10:00,1.2706,1.27024,1.27042
195,1.27026,2024-03-04 16:15:00,1.27068,1.27016,1.27058
196,1.26977,2024-03-04 16:20:00,1.2703,1.2695,1.27027
197,1.2697,2024-03-04 16:25:00,1.26998,1.26962,1.26978
198,1.2694,2024-03-04 16:30:00,1.2698,1.26935,1.26969
199,1.2695,2024-03-04 16:35:00,1.26955,1.26924,1.26939
200,1.26966,2024-03-04 16:40:00,1.26967,1.26944,1.2695
201,1.26965,2024-03-04 16:45:00,1.26977,1.26955,1.26965
202,1.26975,2024-03-04 16:50:00,1.26985,1.26958,1.26965
203,1.26986,2024-03-04 16:55:00,1.26997,1.2696,1.26974
204,1.26934,2024-03-04 17:00:00,1.26991,1.26924,1.26986
205,1.26921,2024-03-04 17:05:00,1.26936,1.26911,1.26933
206,1.26928,2024-03-04 17:10:00,1.26946,1.26919,1.2692
207,1.26974,2024-03-04 17:15:00,1.26974,1.26922,1.26928
208,1.27006,2024-03-04 17:20:00,1.27013,1.26972,1.26974
209,1.26997,2024-03-04 17:25:00,1.27016,1.26985,1.27006
210,1.27007,2024-03-04 17:30:00,1.27009,1.26988,1.26996
211,1.26978,2024-03-04 17:35:00,1.27009,1.2697,1.27008
212,1.26988,2024-03-04 17:40:00,1.26998,1.26977,1.26977
213,1.26978,2024-03-04 17:45:00,1.26996,1.2697,1.26988
214,1.26978,2024-03-04 17:50:00,1.26991,1.26967,1.26978
215,1.26966,2024-03-04 17:55:00,1.26978,1.26933,1.26977
216,1.26945,2024-03-04 18:00:00,1.2697,1.26944,1.26965
217,1.26978,2024-03-04 18:05:00,1.26979,1.26934,1.26945
218,1.26956,2024-03-04 18:10:00,1.26978,1.26952,1.26978
219,1.26958,2024-03-04 18:15:00,1.26968,1.26954,1.26957
220,1.26944,2024-03-04 18:20:00,1.2697,1.26944,1.26958
221,1.26937,2024-03-04 18:25:00,1.26957,1.26935,1.26943
222,1.26922,2024-03-04 18:30:00,1.26948,1.26922,1.26937
223,1.26948,2024-03-04 18:35:00,1.26949,1.26916,1.26922
224,1.26949,2024-03-04 18:40:00,1.26952,1.26938,1.26949
225,1.26935,2024-03-04 18:45:00,1.2695,1.26934,1.26948
226,1.26938,2024-03-04 18:50:00,1.26939,1.26927,1.26936
227,1.26919,2024-03-04 18:55:00,1.26938,1.26917,1.26937
228,1.26905,2024-03-04 19:00:00,1.26922,1.26905,1.26918
229,1.26915,2024-03-04 19:05:00,1.26916,1.26902,1.26905
230,1.26916,2024-03-04 19:10:00,1.26938,1.26907,1.26916
231,1.26908,2024-03-04 19:15:00,1.26918,1.26904,1.26916
232,1.2691,2024-03-04 19:20:00,1.26919,1.26908,1.26908
233,1.26909,2024-03-04 19:25:00,1.26918,1.26906,1.26909
234,1.26909,2024-03-04 19:30:00,1.26918,1.26904,1.2691
235,1.26937,2024-03-04 19:35:00,1.26937,1.26907,1.26908
236,1.26928,2024-03-04 19:40:00,1.26937,1.26919,1.26937
237,1.26939,2024-03-04 19:45:00,1.26946,1.26926,1.2693
238,1.26921,2024-03-04 19:50:00,1.26946,1.26918,1.2694
239,1.2691,2024-03-04 19:55:00,1.26928,1.26904,1.2692
240,1.2692,2024-03-04 20:00:00,1.2693,1.2691,1.2691
241,1.26931,2024-03-04 20:05:00,1.26931,1.26921,1.26921
242,1.26925,2024-03-04 20:10:00,1.2693,1.26914,1.2693
243,1.26918,2024-03-04 20:15:00,1.26928,1.26916,1.26925
244,1.26925,2024-03-04 20:20:00,1.26927,1.26908,1.26917
245,1.26919,2024-03-04 20:25:00,1.26927,1.26914,1.26925
246,1.26905,2024-03-04 20:30:00,1.26926,1.26905,1.26918
247,1.2693,2024-03-04 20:35:00,1.26932,1.26892,1.26904
248,1.26928,2024-03-04 20:40:00,1.2694,1.26924,1.2693
249,1.26912,2024-03-04 20:45:00,1.26927,1.2691,1.26927
250,1.269,2024-03-04 20:50:00,1.26919,1.26895,1.26912
251,1.26902,2024-03-04 20:55:00,1.2691,1.26893,1.26899
252,1.26896,2024-03-04 21:00:00,1.26908,1.26895,1.26901
253,1.26874,2024-03-04 21:05:00,1.26898,1.26868,1.26896
254,1.26864,2024-03-04 21:10:00,1.26878,1.26864,1.26875
255,1.26874,2024-03-04 21:15:00,1.26875,1.26859,1.26864
256,1.26876,2024-03-04 21:20:00,1.26878,1.26864,1.26874
257,1.26878,2024-03-04 21:25:00,1.2688,1.26875,1.26877
258,1.26898,2024-03-04 21:30:00,1.26898,1.26879,1.26879
259,1.26898,2024-03-04 21:35:00,1.26901,1.26897,1.26898
260,1.2691,2024-03-04 21:40:00,1.2691,1.26895,1.26898
261,1.2691,2024-03-04 21:45:00,1.26912,1.26906,1.2691
262,1.2691,2024-03-04 21:50:00,1.26912,1.26908,1.2691
263,1.26916,2024-03-04 21:55:00,1.2692,1.2691,1.2691
264,1.26926,2024-03-04 22:05:00,1.26939,1.269,1.26911
265,1.26916,2024-03-04 22:10:00,1.26926,1.26906,1.26921
266,1.26907,2024-03-04 22:15:00,1.26911,1.26906,1.26911
267,1.26904,2024-03-04 22:20:00,1.2691,1.26903,1.26909
268,1.26894,2024-03-04 22:25:00,1.26906,1.26894,1.26899
269,1.26918,2024-03-04 22:30:00,1.26922,1.2689,1.26895
270,1.26928,2024-03-04 22:35:00,1.26931,1.26913,1.26918
271,1.26926,2024-03-04 22:40:00,1.26931,1.2692,1.26928
272,1.26925,2024-03-04 22:45:00,1.2693,1.26918,1.26925
273,1.26927,2024-03-04 22:50:00,1.26932,1.26919,1.26924
274,1.26918,2024-03-04 22:55:00,1.26936,1.26918,1.26928
275,1.26918,2024-03-04 23:00:00,1.26931,1.26906,1.26918
276,1.2693,2024-03-04 23:05:00,1.2694,1.2692,1.2692
277,1.26918,2024-03-04 23:10:00,1.26929,1.26917,1.26928
278,1.2691,2024-03-04 23:15:00,1.26919,1.26906,1.26918
279,1.26919,2024-03-04 23:20:00,1.2692,1.26909,1.26909
280,1.26918,2024-03-04 23:25:00,1.26936,1.26917,1.26918
281,1.2692,2024-03-04 23:30:00,1.26923,1.26917,1.26918
282,1.2692,2024-03-04 23:35:00,1.2692,1.26914,1.2692
283,1.2692,2024-03-04 23:40:00,1.2692,1.26912,1.26919
284,1.2692,2024-03-04 23:45:00,1.26928,1.26918,1.2692
285,1.269,2024-03-04 23:50:00,1.2692,1.269,1.2692
286,1.26897,2024-03-04 23:55:00,1.26902,1.26897,1.269
287,1.2692,2024-03-05 00:00:00,1.2692,1.2689,1.26898
288,1.26924,2024-03-05 00:05:00,1.26932,1.2692,1.2692
289,1.26936,2024-03-05 00:10:00,1.26938,1.26919,1.26923
290,1.26942,2024-03-05 00:15:00,1.26949,1.26936,1.26936
291,1.26932,2024-03-05 00:20:00,1.26942,1.26924,1.26941
292,1.26922,2024-03-05 00:25:00,1.26937,1.26922,1.26932
293,1.26928,2024-03-05 00:30:00,1.26932,1.26921,1.26922
294,1.26928,2024-03-05 00:35:00,1.26931,1.26924,1.26928
295,1.2693,2024-03-05 00:40:00,1.26936,1.26925,1.26928
296,1.26929,2024-03-05 00:45:00,1.26934,1.26918,1.2693
297,1.26932,2024-03-05 00:50:00,1.2695,1.26928,1.26928
298,1.26928,2024-03-05 00:55:00,1.26936,1.26918,1.26932
299,1.26918,2024-03-05 01:00:00,1.26932,1.26916,1.26929
300,1.26926,2024-03-05 01:05:00,1.26932,1.26909,1.26918
301,1.26905,2024-03-05 01:10:00,1.26932,1.26904,1.26925
302,1.26918,2024-03-05 01:15:00,1.26927,1.269,1.26904
303,1.26898,2024-03-05 01:20:00,1.26918,1.26876,1.26918
304,1.269,2024-03-05 01:25:00,1.26909,1.26898,1.26898
305,1.26886,2024-03-05 01:30:00,1.269,1.26878,1.269
306,1.26889,2024-03-05 01:35:00,1.26898,1.26884,1.26886
307,1.2691,2024-03-05 01:40:00,1.26922,1.26887,1.26888
308,1.26883,2024-03-05 01:45:00,1.26911,1.2688,1.2691
309,1.26898,2024-03-05 01:50:00,1.26898,1.26875,1.26884
310,1.26903,2024-03-05 01:55:00,1.26908,1.26887,1.26898
311,1.26892,2024-03-05 02:00:00,1.26911,1.26876,1.26904
312,1.26906,2024-03-05 02:05:00,1.26909,1.2689,1.26892
313,1.26895,2024-03-05 02:10:00,1.26907,1.26892,1.26906
314,1.26894,2024-03-05 02:15:00,1.26896,1.26874,1.26894
315,1.26902,2024-03-05 02:20:00,1.26904,1.26893,1.26894
316,1.26874,2024-03-05 02:25:00,1.26905,1.26856,1.26903
317,1.26846,2024-03-05 02:30:00,1.26876,1.26844,1.26874
318,1.26874,2024-03-05 02:35:00,1.26876,1.26845,1.26847
319,1.26862,2024-03-05 02:40:00,1.26874,1.26854,1.26874
320,1.26838,2024-03-05 02:45:00,1.26862,1.26835,1.26862
321,1.26849,2024-03-05 02:50:00,1.2685,1.26826,1.26838
322,1.26854,2024-03-05 02:55:00,1.26857,1.26846,1.26849
323,1.26865,2024-03-05 03:00:00,1.26867,1.26845,1.26855
324,1.26856,2024-03-05 03:05:00,1.26868,1.26855,1.26866
325,1.26869,2024-03-05 03:10:00,1.26873,1.26855,1.26855
326,1.26889,2024-03-05 03:15:00,1.269,1.26868,1.26868
327,1.26876,2024-03-05 03:20:00,1.2689,1.26875,1.26888
328,1.2688,2024-03-05 03:25:00,1.26885,1.26869,1.26876
329,1.2688,2024-03-05 03:30:00,1.26882,1.26876,1.2688
330,1.26898,2024-03-05 03:35:00,1.26902,1.2688,1.2688
331,1.26898,2024-03-05 03:40:00,1.2691,1.26895,1.269
332,1.2689,2024-03-05 03:45:00,1.26907,1.26888,1.26899
333,1.26896,2024-03-05 03:50:00,1.26898,1.26884,1.2689
334,1.26899,2024-03-05 03:55:00,1.26904,1.26882,1.26895
335,1.2689,2024-03-05 04:00:00,1.26908,1.26889,1.269
336,1.26888,2024-03-05 04:05:00,1.26891,1.26878,1.2689
337,1.2688,2024-03-05 04:10:00,1.2689,1.26878,1.26888
338,1.26878,2024-03-05 04:15:00,1.26887,1.26876,1.26879
339,1.26887,2024-03-05 04:20:00,1.2689,1.26876,1.26879
340,1.26887,2024-03-05 04:25:00,1.26895,1.2688,1.26888
341,1.26868,2024-03-05 04:30:00,1.26892,1.26866,1.26888
342,1.26858,2024-03-05 04:35:00,1.26868,1.26856,1.26867
343,1.26852,2024-03-05 04:40:00,1.2686,1.26848,1.26858
344,1.26847,2024-03-05 04:45:00,1.26855,1.26846,1.26851
345,1.26851,2024-03-05 04:50:00,1.26854,1.26844,1.26846
346,1.26844,2024-03-05 04:55:00,1.26857,1.26843,1.26852
347,1.26852,2024-03-05 05:00:00,1.2686,1.26833,1.26843
348,1.2685,2024-03-05 05:05:00,1.26855,1.26846,1.26852
349,1.2686,2024-03-05 05:10:00,1.2686,1.26849,1.2685
350,1.26865,2024-03-05 05:15:00,1.2687,1.26855,1.26859
351,1.26867,2024-03-05 05:20:00,1.26876,1.26864,1.26865
352,1.26854,2024-03-05 05:25:00,1.26868,1.2685,1.26866
353,1.26854,2024-03-05 05:30:00,1.26865,1.26845,1.26854
354,1.26856,2024-03-05 05:35:00,1.26856,1.26835,1.26853
355,1.26835,2024-03-05 05:40:00,1.26862,1.26835,1.26855
356,1.26845,2024-03-05 05:45:00,1.26848,1.26829,1.26835
357,1.26829,2024-03-05 05:50:00,1.26848,1.26821,1.26846
358,1.26835,2024-03-05 05:55:00,1.26836,1.26815,1.26828
359,1.26836,2024-03-05 06:00:00,1.26839,1.26828,1.26835
360,1.26824,2024-03-05 06:05:00,1.26838,1.26823,1.26837
361,1.26834,2024-03-05 06:10:00,1.26856,1.26818,1.26823
362,1.26804,2024-03-05 06:15:00,1.26844,1.26802,1.26835
363,1.26778,2024-03-05 06:20:00,1.2681,1.26768,1.26804
364,1.26789,2024-03-05 06:25:00,1.26799,1.26767,1.26779
365,1.26781,2024-03-05 06:30:00,1.26799,1.26776,1.26788
366,1.26786,2024-03-05 06:35:00,1.26795,1.26775,1.26781
367,1.26778,2024-03-05 06:40:00,1.26788,1.26763,1.26786
368,1.26788,2024-03-05 06:45:00,1.26788,1.26751,1.26778
369,1.26788,2024-03-05 06:50:00,1.26796,1.26784,1.26787
370,1.26772,2024-03-05 06:55:00,1.26795,1.26768,1.26788
371,1.26786,2024-03-05 07:00:00,1.2681,1.26771,1.26771
372,1.26786,2024-03-05 07:05:00,1.26796,1.26775,1.26786
373,1.26772,2024-03-05 07:10:00,1.26799,1.26772,1.26786
374,1.26778,2024-03-05 07:15:00,1.26778,1.26755,1.26773
375,1.26774,2024-03-05 07:20:00,1.26796,1.26765,1.26778
376,1.26766,2024-03-05 07:25:00,1.26792,1.26746,1.26775
377,1.26733,2024-03-05 07:30:00,1.26769,1.26723,1.26766
378,1.26729,2024-03-05 07:35:00,1.26739,1.26725,1.26734
379,1.26747,2024-03-05 07:40:00,1.2675,1.26716,1.26728
380,1.26736,2024-03-05 07:45:00,1.26754,1.26724,1.26746
381,1.26745,2024-03-05 07:50:00,1.26771,1.26732,1.26736
382,1.26768,2024-03-05 07:55:00,1.26768,1.26736,1.26746
383,1.26756,2024-03-05 08:00:00,1.2682,1.26755,1.26768
384,1.26757,2024-03-05 08:05:00,1.26776,1.26746,1.26756
385,1.2678,2024-03-05 08:10:00,1.26781,1.26746,1.26756
386,1.26771,2024-03-05 08:15:00,1.26799,1.2677,1.2678
387,1.26756,2024-03-05 08:20:00,1.26789,1.2675,1.2677
388,1.26728,2024-03-05 08:25:00,1.26771,1.26726,1.26756
389,1.26756,2024-03-05 08:30:00,1.26764,1.26716,1.26727
390,1.26776,2024-03-05 08:35:00,1.26778,1.26746,1.26756
391,1.26757,2024-03-05 08:40:00,1.26777,1.26748,1.26777
392,1.26732,2024-03-05 08:45:00,1.26757,1.26714,1.26757
393,1.26733,2024-03-05 08:50:00,1.26742,1.26724,1.26731
394,1.26748,2024-03-05 08:55:00,1.26766,1.2673,1.26732
395,1.26768,2024-03-05 09:00:00,1.26768,1.26732,1.26747
396,1.26785,2024-03-05 09:05:00,1.26788,1.26765,1.26768
397,1.26831,2024-03-05 09:10:00,1.26831,1.26785,1.26786
398,1.26839,2024-03-05 09:15:00,1.26859,1.2683,1.26831
399,1.2687,2024-03-05 09:20:00,1.2687,1.26838,1.2684
400,1.26873,2024-03-05 09:25:00,1.26888,1.26863,1.26869
401,1.26857,2024-03-05 09:30:00,1.26873,1.26819,1.2687
402,1.26856,2024-03-05 09:35:00,1.26865,1.26842,1.26856
403,1.26868,2024-03-05 09:40:00,1.26882,1.26855,1.26855
404,1.26846,2024-03-05 09:45:00,1.26866,1.26823,1.26866
405,1.26833,2024-03-05 09:50:00,1.26846,1.26807,1.26846
406,1.26856,2024-03-05 09:55:00,1.26864,1.26824,1.26832
407,1.26839,2024-03-05 10:00:00,1.26859,1.26834,1.26855
408,1.2684,2024-03-05 10:05:00,1.2684,1.26809,1.26839
409,1.26844,2024-03-05 10:10:00,1.26868,1.26838,1.2684
410,1.26859,2024-03-05 10:15:00,1.2688,1.26836,1.26844
411,1.26848,2024-03-05 10:20:00,1.26876,1.26844,1.2686
412,1.26845,2024-03-05 10:25:00,1.26854,1.26834,1.26847
413,1.26838,2024-03-05 10:30:00,1.26864,1.26825,1.26845
414,1.26856,2024-03-05 10:35:00,1.26861,1.26836,1.26837
415,1.26873,2024-03-05 10:40:00,1.26898,1.26856,1.26856
416,1.26874,2024-03-05 10:45:00,1.26891,1.26859,1.26873
417,1.26866,2024-03-05 10:50:00,1.26882,1.26864,1.26874
418,1.26856,2024-03-05 10:55:00,1.26877,1.2685,1.26867
419,1.26839,2024-03-05 11:00:00,1.26856,1.26808,1.26856
420,1.26835,2024-03-05 11:05:00,1.26842,1.26824,1.26839
421,1.26811,2024-03-05 11:10:00,1.26854,1.26811,1.26834
422,1.26784,2024-03-05 11:15:00,1.26818,1.26783,1.26812
423,1.26826,2024-03-05 11:20:00,1.26836,1.26784,1.26785
424,1.26834,2024-03-05 11:25:00,1.26837,1.26815,1.26825
425,1.26797,2024-03-05 11:30:00,1.26849,1.26788,1.26835
426,1.2684,2024-03-05 11:35:00,1.26842,1.26787,1.26798
427,1.26866,2024-03-05 11:40:00,1.26869,1.26836,1.2684
428,1.26857,2024-03-05 11:45:00,1.2687,1.2685,1.26865
429,1.26849,2024-03-05 11:50:00,1.26861,1.26838,1.26856
430,1.26781,2024-03-05 11:55:00,1.26849,1.26776,1.26849
431,1.26794,2024-03-05 12:00:00,1.26796,1.26758,1.26781
432,1.26786,2024-03-05 12:05:00,1.26801,1.26774,1.26794
433,1.26777,2024-03-05 12:10:00,1.26798,1.26764,1.26785
434,1.268,2024-03-05 12:15:00,1.268,1.26776,1.26776
435,1.26809,2024-03-05 12:20:00,1.26818,1.26786,1.268
436,1.26788,2024-03-05 12:25:00,1.2682,1.26778,1.2681
437,1.26762,2024-03-05 12:30:00,1.26788,1.26748,1.26787
438,1.26769,2024-03-05 12:35:00,1.26781,1.26745,1.26762
439,1.26785,2024-03-05 12:40:00,1.26785,1.2676,1.2677
440,1.2681,2024-03-05 12:45:00,1.26811,1.26782,1.26784
441,1.26817,2024-03-05 12:50:00,1.2682,1.26799,1.26811
442,1.26805,2024-03-05 12:55:00,1.26829,1.26803,1.26819
443,1.26838,2024-03-05 13:00:00,1.26839,1.26794,1.26804
444,1.26831,2024-03-05 13:05:00,1.26838,1.26806,1.26837
445,1.2686,2024-03-05 13:10:00,1.26867,1.2682,1.2683
446,1.2685,2024-03-05 13:15:00,1.26865,1.26843,1.2686
447,1.2686,2024-03-05 13:20:00,1.26872,1.2684,1.26851
448,1.26819,2024-03-05 13:25:00,1.26864,1.26808,1.2686
449,1.26902,2024-03-05 13:30:00,1.26902,1.26819,1.26819
450,1.26918,2024-03-05 13:35:00,1.26929,1.26888,1.26901
451,1.26858,2024-03-05 13:40:00,1.26923,1.26831,1.2692
452,1.269,2024-03-05 13:45:00,1.269,1.26844,1.26858
453,1.26883,2024-03-05 13:50:00,1.26928,1.26877,1.26899
454,1.26914,2024-03-05 13:55:00,1.26916,1.26862,1.26884
455,1.26891,2024-03-05 14:00:00,1.26917,1.26884,1.26915
456,1.26906,2024-03-05 14:05:00,1.26908,1.2687,1.2689
457,1.26976,2024-03-05 14:10:00,1.26978,1.26904,1.26906
458,1.27029,2024-03-05 14:15:00,1.27045,1.26976,1.26976
459,1.26977,2024-03-05 14:20:00,1.27035,1.26954,1.2703
460,1.26981,2024-03-05 14:25:00,1.2701,1.26973,1.26978
461,1.26977,2024-03-05 14:30:00,1.27013,1.26946,1.26981
462,1.26966,2024-03-05 14:35:00,1.26981,1.26956,1.26976
463,1.2699,2024-03-05 14:40:00,1.27001,1.26944,1.26966
464,1.26968,2024-03-05 14:45:00,1.26996,1.26919,1.26988
465,1.26955,2024-03-05 14:50:00,1.26978,1.26935,1.2697
466,1.26974,2024-03-05 14:55:00,1.27001,1.26942,1.26956
467,1.27223,2024-03-05 15:00:00,1.2735,1.26973,1.26973
468,1.2717,2024-03-05 15:05:00,1.27229,1.27154,1.27224
469,1.27248,2024-03-05 15:10:00,1.2725,1.27136,1.2717
470,1.27277,2024-03-05 15:15:00,1.27293,1.27243,1.27248
471,1.2723,2024-03-05 15:20:00,1.27286,1.27222,1.27278
472,1.2721,2024-03-05 15:25:00,1.2724,1.27202,1.27231
473,1.27202,2024-03-05 15:30:00,1.2724,1.27192,1.2721
474,1.27191,2024-03-05 15:35:00,1.27225,1.2717,1.27202
475,1.27276,2024-03-05 15:40:00,1.2728,1.2719,1.2719
476,1.27299,2024-03-05 15:45:00,1.273,1.27255,1.27275
477,1.27325,2024-03-05 15:50:00,1.27332,1.27264,1.27298
478,1.27324,2024-03-05 15:55:00,1.27347,1.27303,1.27325
479,1.27225,2024-03-05 16:00:00,1.27332,1.27225,1.27324
480,1.27206,2024-03-05 16:05:00,1.27245,1.27195,1.27226
481,1.272,2024-03-05 16:10:00,1.27224,1.27171,1.27205
482,1.27191,2024-03-05 16:15:00,1.27234,1.27182,1.272
483,1.27229,2024-03-05 16:20:00,1.27229,1.27173,1.2719
484,1.27214,2024-03-05 16:25:00,1.27242,1.27186,1.27229
485,1.27214,2024-03-05 16:30:00,1.2724,1.27211,1.27214
486,1.27145,2024-03-05 16:35:00,1.27228,1.27143,1.27215
487,1.27106,2024-03-05 16:40:00,1.27147,1.27085,1.27145
488,1.27087,2024-03-05 16:45:00,1.27108,1.27064,1.27107
489,1.27087,2024-03-05 16:50:00,1.27098,1.27075,1.27088
490,1.27099,2024-03-05 16:55:00,1.27116,1.27076,1.27086
491,1.27097,2024-03-05 17:00:00,1.27122,1.27081,1.27098
492,1.27095,2024-03-05 17:05:00,1.27114,1.27091,1.27096
493,1.27114,2024-03-05 17:10:00,1.27117,1.27087,1.27095
494,1.27146,2024-03-05 17:15:00,1.27147,1.27113,1.27114
495,1.27177,2024-03-05 17:20:00,1.27184,1.27145,1.27146
496,1.27188,2024-03-05 17:25:00,1.27196,1.27161,1.27178
497,1.27166,2024-03-05 17:30:00,1.27196,1.27164,1.27188
498,1.27136,2024-03-05 17:35:00,1.27177,1.27136,1.27166
499,1.27116,2024-03-05 17:40:00,1.27154,1.27104,1.27136
500,1.27124,2024-03-05 17:45:00,1.27137,1.27114,1.27116
501,1.27115,2024-03-05 17:50:00,1.27127,1.27102,1.27125
502,1.27113,2024-03-05 17:55:00,1.27127,1.27103,1.27116
503,1.27083,2024-03-05 18:00:00,1.27114,1.27068,1.27112
504,1.27102,2024-03-05 18:05:00,1.27106,1.27076,1.27083
505,1.27094,2024-03-05 18:10:00,1.27106,1.27077,1.27102
506,1.27075,2024-03-05 18:15:00,1.27104,1.27054,1.27094
507,1.27058,2024-03-05 18:20:00,1.27088,1.27054,1.27074
508,1.27056,2024-03-05 18:25:00,1.27069,1.27045,1.27057
509,1.27094,2024-03-05 18:30:00,1.27098,1.2703,1.27055
510,1.27055,2024-03-05 18:35:00,1.27095,1.27051,1.27094
511,1.27054,2024-03-05 18:40:00,1.27064,1.2705,1.27056
512,1.27055,2024-03-05 18:45:00,1.27066,1.27044,1.27054
513,1.27046,2024-03-05 18:50:00,1.2708,1.27045,1.27056
514,1.27052,2024-03-05 18:55:00,1.27068,1.27045,1.27047
515,1.27039,2024-03-05 19:00:00,1.27053,1.27024,1.27052
516,1.27018,2024-03-05 19:05:00,1.27039,1.26998,1.27038
517,1.27039,2024-03-05 19:10:00,1.27053,1.2701,1.27018
518,1.27068,2024-03-05 19:15:00,1.27088,1.2704,1.2704
519,1.27068,2024-03-05 19:20:00,1.27078,1.27058,1.27068
520,1.27076,2024-03-05 19:25:00,1.27088,1.27056,1.27068
521,1.27058,2024-03-05 19:30:00,1.27076,1.27054,1.27076
522,1.27031,2024-03-05 19:35:00,1.27059,1.27025,1.27058
523,1.27037,2024-03-05 19:40:00,1.27059,1.27028,1.2703
524,1.2702,2024-03-05 19:45:00,1.27038,1.27007,1.27038
525,1.27035,2024-03-05 19:50:00,1.2704,1.27018,1.27019
526,1.27022,2024-03-05 19:55:00,1.27038,1.2702,1.27035
527,1.27009,2024-03-05 20:00:00,1.27026,1.27006,1.27021
528,1.27006,2024-03-05 20:05:00,1.27021,1.27005,1.27008
529,1.26969,2024-03-05 20:10:00,1.27015,1.26962,1.27006
530,1.26986,2024-03-05 20:15:00,1.26996,1.26965,1.2697
531,1.26997,2024-03-05 20:20:00,1.27004,1.26971,1.26987
532,1.27008,2024-03-05 20:25:00,1.27014,1.26986,1.26996
533,1.2701,2024-03-05 20:30:00,1.2702,1.26995,1.27008
534,1.27019,2024-03-05 20:35:00,1.27026,1.27002,1.2701
535,1.27036,2024-03-05 20:40:00,1.27046,1.27015,1.27019
536,1.27048,2024-03-05 20:45:00,1.27049,1.27026,1.27036
537,1.27068,2024-03-05 20:50:00,1.27071,1.27047,1.27048
538,1.27052,2024-03-05 20:55:00,1.2707,1.27051,1.27068
539,1.27069,2024-03-05 21:00:00,1.27071,1.27051,1.27051
540,1.27064,2024-03-05 21:05:00,1.27079,1.27064,1.27068
541,1.27065,2024-03-05 21:10:00,1.27079,1.27063,1.27065
542,1.27067,2024-03-05 21:15:00,1.2707,1.27064,1.27064
543,1.27048,2024-03-05 21:20:00,1.27068,1.27044,1.27066
544,1.27058,2024-03-05 21:25:00,1.27068,1.27048,1.27048
545,1.27055,2024-03-05 21:30:00,1.2706,1.2705,1.27058
546,1.27045,2024-03-05 21:35:00,1.27054,1.27042,1.27054
547,1.27034,2024-03-05 21:40:00,1.27046,1.27034,1.27044
548,1.27054,2024-03-05 21:45:00,1.27055,1.27033,1.27034
549,1.27046,2024-03-05 21:50:00,1.2706,1.27046,1.27055
550,1.27055,2024-03-05 21:55:00,1.27056,1.27046,1.27047
551,1.27064,2024-03-05 22:05:00,1.27069,1.27004,1.27047
552,1.27064,2024-03-05 22:10:00,1.27064,1.2706,1.2706
553,1.27074,2024-03-05 22:15:00,1.27086,1.27067,1.27074
554,1.27072,2024-03-05 22:20:00,1.27078,1.2707,1.27073
555,1.27054,2024-03-05 22:25:00,1.27082,1.27042,1.27073
556,1.27048,2024-03-05 22:30:00,1.2708,1.27037,1.27054
557,1.27051,2024-03-05 22:35:00,1.27067,1.27026,1.27047
558,1.27052,2024-03-05 22:40:00,1.27059,1.27044,1.27052
559,1.27062,2024-03-05 22:45:00,1.27074,1.27034,1.27051
560,1.27052,2024-03-05 22:50:00,1.27069,1.27042,1.27064
561,1.27059,2024-03-05 22:55:00,1.27068,1.27039,1.27051
562,1.27055,2024-03-05 23:00:00,1.27062,1.27044,1.2706
563,1.27068,2024-03-05 23:05:00,1.27068,1.27052,1.27052
564,1.27074,2024-03-05 23:10:00,1.27086,1.27068,1.27068
565,1.27067,2024-03-05 23:15:00,1.27077,1.27066,1.27075
566,1.2707,2024-03-05 23:20:00,1.27071,1.27067,1.27068
567,1.2707,2024-03-05 23:25:00,1.27074,1.27068,1.27071
568,1.27059,2024-03-05 23:30:00,1.27069,1.27058,1.27069
569,1.27059,2024-03-05 23:35:00,1.27062,1.27057,1.27059
570,1.27056,2024-03-05 23:40:00,1.2706,1.27055,1.2706
571,1.2704,2024-03-05 23:45:00,1.27071,1.2704,1.27056
572,1.27044,2024-03-05 23:50:00,1.27045,1.27035,1.27042
573,1.27042,2024-03-05 23:55:00,1.27046,1.27035,1.27042
574,1.26998,2024-03-06 00:00:00,1.27046,1.26996,1.27042
575,1.27005,2024-03-06 00:05:00,1.27017,1.26998,1.26998
576,1.26987,2024-03-06 00:10:00,1.27005,1.26986,1.27005
577,1.26966,2024-03-06 00:15:00,1.26996,1.26965,1.26986
578,1.26965,2024-03-06 00:20:00,1.26967,1.26956,1.26965
579,1.26965,2024-03-06 00:25:00,1.26967,1.26951,1.26964
580,1.26968,2024-03-06 00:30:00,1.26969,1.26955,1.26966
581,1.26948,2024-03-06 00:35:00,1.26976,1.26944,1.26968
582,1.26959,2024-03-06 00:40:00,1.26966,1.26938,1.26947
583,1.26948,2024-03-06 00:45:00,1.26969,1.26947,1.2696
584,1.26964,2024-03-06 00:50:00,1.26967,1.2694,1.26948
585,1.26971,2024-03-06 00:55:00,1.26979,1.26955,1.26963
586,1.2694,2024-03-06 01:00:00,1.2698,1.2694,1.26971
587,1.26954,2024-03-06 01:05:00,1.26978,1.2694,1.2694
588,1.26956,2024-03-06 01:10:00,1.2696,1.26949,1.26953
589,1.26968,2024-03-06 01:15:00,1.26981,1.26947,1.26955
590,1.26953,2024-03-06 01:20:00,1.2698,1.26947,1.26968
591,1.26938,2024-03-06 01:25:00,1.26958,1.26936,1.26952
592,1.26925,2024-03-06 01:30:00,1.26945,1.2692,1.26937
593,1.26916,2024-03-06 01:35:00,1.26925,1.26903,1.26925
594,1.26928,2024-03-06 01:40:00,1.26937,1.26915,1.26917
595,1.26908,2024-03-06 01:45:00,1.2693,1.26908,1.26926
596,1.26918,2024-03-06 01:50:00,1.2693,1.26906,1.26908
597,1.2693,2024-03-06 01:55:00,1.26936,1.26905,1.26918
598,1.26947,2024-03-06 02:00:00,1.2695,1.26918,1.2693
599,1.26938,2024-03-06 02:05:00,1.2696,1.26937,1.26947
600,1.26947,2024-03-06 02:10:00,1.26954,1.26935,1.26937
601,1.2695,2024-03-06 02:15:00,1.2696,1.26946,1.2695
602,1.26958,2024-03-06 02:20:00,1.26966,1.26947,1.2695
603,1.26947,2024-03-06 02:25:00,1.26969,1.26946,1.26959
604,1.26955,2024-03-06 02:30:00,1.26957,1.26942,1.26947
605,1.26958,2024-03-06 02:35:00,1.26962,1.26945,1.26955
606,1.26986,2024-03-06 02:40:00,1.2699,1.26957,1.26959
607,1.26981,2024-03-06 02:45:00,1.2699,1.26976,1.26986
608,1.26996,2024-03-06 02:50:00,1.27,1.26975,1.26981
609,1.27004,2024-03-06 02:55:00,1.27012,1.26996,1.26998
610,1.26988,2024-03-06 03:00:00,1.27004,1.26988,1.27003
611,1.26992,2024-03-06 03:05:00,1.26996,1.26984,1.26989
612,1.27003,2024-03-06 03:10:00,1.27009,1.26992,1.26992
613,1.26998,2024-03-06 03:15:00,1.27009,1.26994,1.27005
614,1.26996,2024-03-06 03:20:00,1.27,1.26988,1.26997
615,1.27006,2024-03-06 03:25:00,1.2701,1.26995,1.26997
616,1.26999,2024-03-06 03:30:00,1.2701,1.26998,1.27006
617,1.26999,2024-03-06 03:35:00,1.27005,1.26997,1.26999
618,1.26986,2024-03-06 03:40:00,1.27006,1.26986,1.26999
619,1.26988,2024-03-06 03:45:00,1.26999,1.26986,1.26987
620,1.26988,2024-03-06 03:50:00,1.26999,1.26986,1.26989
621,1.26994,2024-03-06 03:55:00,1.26999,1.26982,1.26989
622,1.26998,2024-03-06 04:00:00,1.26999,1.26979,1.26995
623,1.26999,2024-03-06 04:05:00,1.27009,1.26996,1.26998
624,1.26998,2024-03-06 04:10:00,1.27006,1.26995,1.26998
625,1.27004,2024-03-06 04:15:00,1.2701,1.26997,1.26999
626,1.27005,2024-03-06 04:20:00,1.27009,1.26996,1.27004
627,1.27,2024-03-06 04:25:00,1.2701,1.26999,1.27004
628,1.27006,2024-03-06 04:30:00,1.27008,1.26996,1.27
629,1.27006,2024-03-06 04:35:00,1.27006,1.26997,1.27006
630,1.27008,2024-03-06 04:40:00,1.2701,1.27005,1.27006
631,1.27015,2024-03-06 04:45:00,1.27016,1.27005,1.27008
632,1.27018,2024-03-06 04:50:00,1.27026,1.27015,1.27016
633,1.2702,2024-03-06 04:55:00,1.27024,1.27016,1.27018
634,1.27038,2024-03-06 05:00:00,1.27039,1.27019,1.27021
635,1.27025,2024-03-06 05:05:00,1.27039,1.27024,1.27038
636,1.27048,2024-03-06 05:10:00,1.27049,1.27025,1.27025
637,1.27045,2024-03-06 05:15:00,1.2705,1.27036,1.2705
638,1.27039,2024-03-06 05:20:00,1.27044,1.27038,1.27044
639,1.27044,2024-03-06 05:25:00,1.2705,1.27039,1.27039
640,1.2706,2024-03-06 05:30:00,1.2706,1.27035,1.27044
641,1.27058,2024-03-06 05:35:00,1.27069,1.27055,1.27059
642,1.27058,2024-03-06 05:40:00,1.27065,1.27056,1.27059
643,1.27058,2024-03-06 05:45:00,1.27062,1.27057,1.27059
644,1.2706,2024-03-06 05:50:00,1.27061,1.27052,1.27056
645,1.27039,2024-03-06 05:55:00,1.27061,1.27036,1.2706
646,1.27052,2024-03-06 06:00:00,1.2706,1.27037,1.27038
647,1.27041,2024-03-06 06:05:00,1.27052,1.2704,1.27052
648,1.2704,2024-03-06 06:10:00,1.27052,1.2703,1.27041
649,1.27057,2024-03-06 06:15:00,1.2706,1.27036,1.2704
650,1.27059,2024-03-06 06:20:00,1.27074,1.27056,1.27058
651,1.27049,2024-03-06 06:25:00,1.27059,1.27048,1.27058
652,1.2706,2024-03-06 06:30:00,1.27068,1.27049,1.2705
653,1.27039,2024-03-06 06:35:00,1.2706,1.27037,1.27059
654,1.27057,2024-03-06 06:40:00,1.2706,1.27037,1.27039
655,1.27056,2024-03-06 06:45:00,1.27066,1.27055,1.27058
656,1.27056,2024-03-06 06:50:00,1.2706,1.27045,1.27055
657,1.2705,2024-03-06 06:55:00,1.2706,1.27037,1.27055
658,1.27066,2024-03-06 07:00:00,1.2707,1.27035,1.27051
659,1.27086,2024-03-06 07:05:00,1.27094,1.2706,1.27066
660,1.2711,2024-03-06 07:10:00,1.2712,1.2708,1.27085
661,1.27076,2024-03-06 07:15:00,1.27114,1.27067,1.27109
662,1.27083,2024-03-06 07:20:00,1.27088,1.27063,1.27076
663,1.27092,2024-03-06 07:25:00,1.27096,1.2707,1.27082
664,1.27088,2024-03-06 07:30:00,1.27099,1.27059,1.27093
665,1.27124,2024-03-06 07:35:00,1.2713,1.27084,1.27088
666,1.27132,2024-03-06 07:40:00,1.27132,1.27098,1.27123
667,1.27109,2024-03-06 07:45:00,1.27157,1.27107,1.27132
668,1.2712,2024-03-06 07:50:00,1.2712,1.27083,1.27108
669,1.27108,2024-03-06 07:55:00,1.27131,1.27095,1.2712
670,1.2715,2024-03-06 08:00:00,1.27158,1.2709,1.27108
671,1.27156,2024-03-06 08:05:00,1.27163,1.27136,1.27149
672,1.27215,2024-03-06 08:10:00,1.27221,1.27152,1.27156
673,1.27237,2024-03-06 08:15:00,1.27238,1.27204,1.27214
674,1.27206,2024-03-06 08:20:00,1.27249,1.27202,1.27236
675,1.27168,2024-03-06 08:25:00,1.27205,1.2714,1.27205
676,1.27157,2024-03-06 08:30:00,1.27188,1.27155,1.27168
677,1.27198,2024-03-06 08:35:00,1.27206,1.27152,1.27157
678,1.27206,2024-03-06 08:40:00,1.27212,1.27188,1.27198
679,1.27215,2024-03-06 08:45:00,1.27226,1.27182,1.27206
680,1.27226,2024-03-06 08:50:00,1.27245,1.27214,1.27214
681,1.27256,2024-03-06 08:55:00,1.27256,1.27226,1.27227
682,1.27263,2024-03-06 09:00:00,1.27307,1.27256,1.27256
683,1.27274,2024-03-06 09:05:00,1.27286,1.27256,1.27264
684,1.27239,2024-03-06 09:10:00,1.27277,1.27224,1.27274
685,1.27234,2024-03-06 09:15:00,1.27277,1.27233,1.27239
686,1.27228,2024-03-06 09:20:00,1.27243,1.27212,1.27234
687,1.27225,2024-03-06 09:25:00,1.27236,1.27204,1.27226
688,1.27261,2024-03-06 09:30:00,1.27275,1.27226,1.27226
689,1.27254,2024-03-06 09:35:00,1.27271,1.27239,1.27262
690,1.27262,2024-03-06 09:40:00,1.27269,1.27254,1.27254
691,1.27263,2024-03-06 09:45:00,1.27288,1.27246,1.27261
692,1.27297,2024-03-06 09:50:00,1.27298,1.27255,1.27262
693,1.2731,2024-03-06 09:55:00,1.27316,1.27293,1.27296
694,1.27284,2024-03-06 10:00:00,1.2731,1.27273,1.27309
695,1.27264,2024-03-06 10:05:00,1.27285,1.27262,1.27284
696,1.27258,2024-03-06 10:10:00,1.27268,1.27231,1.27264
697,1.27234,2024-03-06 10:15:00,1.27276,1.27223,1.27258
698,1.27265,2024-03-06 10:20:00,1.27266,1.27232,1.27234
699,1.27242,2024-03-06 10:25:00,1.27265,1.27241,1.27265
700,1.27243,2024-03-06 10:30:00,1.27254,1.27224,1.27242
701,1.27172,2024-03-06 10:35:00,1.27244,1.2717,1.27242
702,1.27166,2024-03-06 10:40:00,1.27193,1.27162,1.27172
703,1.27197,2024-03-06 10:45:00,1.27204,1.27162,1.27165
704,1.2722,2024-03-06 10:50:00,1.27222,1.27193,1.27196
705,1.27214,2024-03-06 10:55:00,1.2724,1.27211,1.2722
706,1.27242,2024-03-06 11:00:00,1.27249,1.27206,1.27213
707,1.27267,2024-03-06 11:05:00,1.27275,1.27238,1.27241
708,1.27265,2024-03-06 11:10:00,1.27266,1.27245,1.27266
709,1.27233,2024-03-06 11:15:00,1.27268,1.27228,1.27265
710,1.27216,2024-03-06 11:20:00,1.27236,1.27216,1.27232
711,1.27222,2024-03-06 11:25:00,1.27236,1.27212,1.27217
712,1.27238,2024-03-06 11:30:00,1.27246,1.2721,1.27222
713,1.27224,2024-03-06 11:35:00,1.27248,1.2721,1.27238
714,1.27239,2024-03-06 11:40:00,1.27247,1.27215,1.27223
715,1.27227,2024-03-06 11:45:00,1.27244,1.27217,1.27239
716,1.27244,2024-03-06 11:50:00,1.27255,1.27215,1.27226
717,1.27233,2024-03-06 11:55:00,1.27275,1.27232,1.27242
718,1.27264,2024-03-06 12:00:00,1.27267,1.27234,1.27234
719,1.27294,2024-03-06 12:05:00,1.27306,1.2726,1.27265
720,1.27276,2024-03-06 12:10:00,1.27298,1.27273,1.27295
721,1.27245,2024-03-06 12:15:00,1.27278,1.27234,1.27277
722,1.27254,2024-03-06 12:20:00,1.27256,1.27234,1.27245
723,1.27222,2024-03-06 12:25:00,1.27255,1.27213,1.27254
724,1.27219,2024-03-06 12:30:00,1.27252,1.27217,1.27222
725,1.27215,2024-03-06 12:35:00,1.27224,1.27197,1.27219
726,1.27194,2024-03-06 12:40:00,1.27234,1.27186,1.27215
727,1.27186,2024-03-06 12:45:00,1.27204,1.27174,1.27193
728,1.27099,2024-03-06 12:50:00,1.27194,1.27098,1.27186
729,1.27074,2024-03-06 12:55:00,1.27115,1.27055,1.271
730,1.27144,2024-03-06 13:00:00,1.27148,1.27068,1.27074
731,1.27187,2024-03-06 13:05:00,1.27189,1.27141,1.27145
732,1.27201,2024-03-06 13:10:00,1.27206,1.27158,1.27188
733,1.27189,2024-03-06 13:15:00,1.27238,1.27167,1.272
734,1.27234,2024-03-06 13:20:00,1.27248,1.27187,1.27188
735,1.27245,2024-03-06 13:25:00,1.27246,1.27219,1.27233
736,1.27215,2024-03-06 13:30:00,1.2727,1.27142,1.27244
737,1.27194,2024-03-06 13:35:00,1.27244,1.27165,1.27215
738,1.27241,2024-03-06 13:40:00,1.27256,1.27195,1.27195
739,1.27236,2024-03-06 13:45:00,1.27245,1.2718,1.27242
740,1.27241,2024-03-06 13:50:00,1.27243,1.27202,1.27237
741,1.27244,2024-03-06 13:55:00,1.2725,1.27218,1.2724
742,1.27259,2024-03-06 14:00:00,1.27278,1.27235,1.27243
743,1.27215,2024-03-06 14:05:00,1.27284,1.27215,1.27259
744,1.27196,2024-03-06 14:10:00,1.27216,1.27175,1.27215
745,1.27249,2024-03-06 14:15:00,1.2725,1.27186,1.27196
746,1.27276,2024-03-06 14:20:00,1.2728,1.27245,1.27249
747,1.27246,2024-03-06 14:25:00,1.2728,1.2724,1.27275
748,1.27243,2024-03-06 14:30:00,1.27256,1.27218,1.27245
749,1.2724,2024-03-06 14:35:00,1.27262,1.27224,1.27244
750,1.27241,2024-03-06 14:40:00,1.27259,1.27229,1.27241
751,1.27246,2024-03-06 14:45:00,1.2728,1.27237,1.2724
752,1.2726,2024-03-06 14:50:00,1.27268,1.27214,1.27247
753,1.27244,2024-03-06 14:55:00,1.27266,1.27235,1.27261
754,1.27202,2024-03-06 15:00:00,1.2729,1.27176,1.27243
755,1.27236,2024-03-06 15:05:00,1.27268,1.27194,1.27202
756,1.27288,2024-03-06 15:10:00,1.273,1.27234,1.27236
757,1.27238,2024-03-06 15:15:00,1.273,1.27233,1.27288
758,1.27236,2024-03-06 15:20:00,1.27264,1.27202,1.27237
759,1.27244,2024-03-06 15:25:00,1.27253,1.27224,1.27235
760,1.27278,2024-03-06 15:30:00,1.27281,1.27185,1.27245
761,1.27266,2024-03-06 15:35:00,1.27277,1.27206,1.27276
762,1.2727,2024-03-06 15:40:00,1.27288,1.27226,1.27267
763,1.27288,2024-03-06 15:45:00,1.27304,1.27264,1.2727
764,1.2742,2024-03-06 15:50:00,1.27424,1.27276,1.27288
765,1.27426,2024-03-06 15:55:00,1.2748,1.27404,1.2742
766,1.27398,2024-03-06 16:00:00,1.27429,1.27396,1.27427
767,1.27404,2024-03-06 16:05:00,1.27415,1.27388,1.27399
768,1.274,2024-03-06 16:10:00,1.27424,1.27398,1.27405
769,1.27435,2024-03-06 16:15:00,1.27445,1.27399,1.274
770,1.27435,2024-03-06 16:20:00,1.27465,1.27434,1.27435
771,1.27475,2024-03-06 16:25:00,1.27475,1.27405,1.27436
772,1.27464,2024-03-06 16:30:00,1.27506,1.27445,1.27476
773,1.27476,2024-03-06 16:35:00,1.27478,1.27441,1.27464
774,1.27547,2024-03-06 16:40:00,1.27548,1.2747,1.27476
775,1.27556,2024-03-06 16:45:00,1.27567,1.27535,1.27547
776,1.27596,2024-03-06 16:50:00,1.27597,1.27556,1.27557
777,1.27564,2024-03-06 16:55:00,1.27616,1.27553,1.27596
778,1.27563,2024-03-06 17:00:00,1.27576,1.27552,1.27564
