,close,date,high,low,open
0,1.26238,2024-02-21 00:00:00,1.26257,1.2623,1.26254
1,1.26252,2024-02-21 00:05:00,1.26268,1.26235,1.26239
2,1.26236,2024-02-21 00:10:00,1.26253,1.26229,1.26253
3,1.26206,2024-02-21 00:15:00,1.26236,1.26205,1.26236
4,1.26238,2024-02-21 00:20:00,1.26239,1.26205,1.26206
5,1.26237,2024-02-21 00:25:00,1.26248,1.26236,1.26239
6,1.26239,2024-02-21 00:30:00,1.26245,1.26226,1.26238
7,1.2624,2024-02-21 00:35:00,1.26244,1.26236,1.2624
8,1.26249,2024-02-21 00:40:00,1.26255,1.26239,1.26239
9,1.2624,2024-02-21 00:45:00,1.2625,1.26238,1.2625
10,1.2624,2024-02-21 00:50:00,1.26247,1.26227,1.26239
11,1.26245,2024-02-21 00:55:00,1.26249,1.26219,1.2624
12,1.26223,2024-02-21 01:00:00,1.26248,1.26221,1.26246
13,1.26229,2024-02-21 01:05:00,1.26233,1.26216,1.26222
14,1.26226,2024-02-21 01:10:00,1.2625,1.26221,1.26229
15,1.26234,2024-02-21 01:15:00,1.26243,1.26223,1.26225
16,1.26218,2024-02-21 01:20:00,1.26233,1.26194,1.26233
17,1.26225,2024-02-21 01:25:00,1.26228,1.26214,1.26216
18,1.26216,2024-02-21 01:30:00,1.26225,1.26205,1.26225
19,1.26226,2024-02-21 01:35:00,1.26232,1.26215,1.26216
20,1.26266,2024-02-21 01:40:00,1.26266,1.26223,1.26225
21,1.26235,2024-02-21 01:45:00,1.26268,1.26235,1.26265
22,1.26264,2024-02-21 01:50:00,1.26268,1.26235,1.26236
23,1.26278,2024-02-21 01:55:00,1.26283,1.26262,1.26266
24,1.26315,2024-02-21 02:00:00,1.26316,1.26277,1.26278
25,1.26316,2024-02-21 02:05:00,1.26327,1.26304,1.26316
26,1.26307,2024-02-21 02:10:00,1.26322,1.26297,1.26316
27,1.26336,2024-02-21 02:15:00,1.26337,1.26303,1.26306
28,1.26334,2024-02-21 02:20:00,1.26339,1.26326,1.26337
29,1.26328,2024-02-21 02:25:00,1.26338,1.26318,1.26335
30,1.26315,2024-02-21 02:30:00,1.26331,1.26308,1.26328
31,1.26303,2024-02-21 02:35:00,1.26316,1.26299,1.26316
32,1.26333,2024-02-21 02:40:00,1.26337,1.26302,1.26302
33,1.26337,2024-02-21 02:45:00,1.2634,1.26329,1.26334
34,1.26314,2024-02-21 02:50:00,1.26346,1.26308,1.26337
35,1.26305,2024-02-21 02:55:00,1.26316,1.26303,1.26314
36,1.26308,2024-02-21 03:00:00,1.26318,1.26304,1.26305
37,1.26319,2024-02-21 03:05:00,1.26322,1.26308,1.26308
38,1.26337,2024-02-21 03:10:00,1.26349,1.26316,1.26318
39,1.26337,2024-02-21 03:15:00,1.26348,1.26336,1.26338
40,1.26337,2024-02-21 03:20:00,1.2634,1.26327,1.26336
41,1.2634,2024-02-21 03:25:00,1.26347,1.26334,1.26336
42,1.26331,2024-02-21 03:30:00,1.26342,1.2633,1.2634
43,1.2633,2024-02-21 03:35:00,1.2634,1.26326,1.26332
44,1.26337,2024-02-21 03:40:00,1.26338,1.2632,1.26329
45,1.26348,2024-02-21 03:45:00,1.2636,1.26332,1.26337
46,1.26361,2024-02-21 03:50:00,1.26366,1.26347,1.26347
47,1.26373,2024-02-21 03:55:00,1.26376,1.26356,1.2636
48,1.2637,2024-02-21 04:00:00,1.26375,1.26358,1.26372
49,1.26356,2024-02-21 04:05:00,1.26376,1.26356,1.2637
50,1.26348,2024-02-21 04:10:00,1.26361,1.26335,1.26356
51,1.26331,2024-02-21 04:15:00,1.26358,1.2633,1.26348
52,1.26326,2024-02-21 04:20:00,1.26338,1.26321,1.26332
53,1.2633,2024-02-21 04:25:00,1.2633,1.26316,1.26325
54,1.2634,2024-02-21 04:30:00,1.26342,1.26325,1.26329
55,1.2633,2024-02-21 04:35:00,1.26343,1.26324,1.2634
56,1.26318,2024-02-21 04:40:00,1.2633,1.26316,1.2633
57,1.26315,2024-02-21 04:45:00,1.2632,1.2631,1.26319
58,1.26321,2024-02-21 04:50:00,1.26322,1.26314,1.26316
59,1.26328,2024-02-21 04:55:00,1.26331,1.26319,1.2632
60,1.2633,2024-02-21 05:00:00,1.26341,1.26318,1.26328
61,1.26331,2024-02-21 05:05:00,1.2634,1.26328,1.2633
62,1.26315,2024-02-21 05:10:00,1.26337,1.26308,1.26332
63,1.26316,2024-02-21 05:15:00,1.26319,1.2631,1.26316
64,1.26302,2024-02-21 05:20:00,1.26328,1.26302,1.26316
65,1.26308,2024-02-21 05:25:00,1.26309,1.26303,1.26303
66,1.26311,2024-02-21 05:30:00,1.26318,1.26307,1.26308
67,1.26327,2024-02-21 05:35:00,1.26327,1.26305,1.26312
68,1.26332,2024-02-21 05:40:00,1.26338,1.26315,1.26326
69,1.26349,2024-02-21 05:45:00,1.26361,1.26333,1.26333
70,1.26339,2024-02-21 05:50:00,1.2635,1.26328,1.2635
71,1.26337,2024-02-21 05:55:00,1.26342,1.26326,1.26338
72,1.26338,2024-02-21 06:00:00,1.2635,1.26331,1.26337
73,1.26326,2024-02-21 06:05:00,1.2635,1.26326,1.26339
74,1.26289,2024-02-21 06:10:00,1.26332,1.26287,1.26327
75,1.26298,2024-02-21 06:15:00,1.26307,1.26288,1.2629
76,1.26297,2024-02-21 06:20:00,1.2631,1.2629,1.26298
77,1.26286,2024-02-21 06:25:00,1.26303,1.26285,1.26296
78,1.26262,2024-02-21 06:30:00,1.26288,1.26258,1.26287
79,1.26266,2024-02-21 06:35:00,1.26271,1.26262,1.26262
80,1.26236,2024-02-21 06:40:00,1.2627,1.26235,1.26266
81,1.2619,2024-02-21 06:45:00,1.26235,1.26189,1.26235
82,1.26245,2024-02-21 06:50:00,1.26252,1.26185,1.26189
83,1.26234,2024-02-21 06:55:00,1.26247,1.26234,1.26245
84,1.26253,2024-02-21 07:00:00,1.26258,1.26213,1.26234
85,1.26228,2024-02-21 07:05:00,1.26255,1.26213,1.26252
86,1.2629,2024-02-21 07:10:00,1.26292,1.26224,1.26228
87,1.26315,2024-02-21 07:15:00,1.26316,1.26274,1.2629
88,1.26298,2024-02-21 07:20:00,1.26316,1.26284,1.26316
89,1.26285,2024-02-21 07:25:00,1.26314,1.26279,1.26297
90,1.26271,2024-02-21 07:30:00,1.26291,1.26265,1.26285
91,1.26291,2024-02-21 07:35:00,1.26292,1.26257,1.2627
92,1.26281,2024-02-21 07:40:00,1.26301,1.26278,1.2629
93,1.26308,2024-02-21 07:45:00,1.26311,1.26269,1.26282
94,1.26318,2024-02-21 07:50:00,1.26329,1.26307,1.26307
95,1.26304,2024-02-21 07:55:00,1.26329,1.26303,1.26319
96,1.26288,2024-02-21 08:00:00,1.26304,1.26257,1.26304
97,1.26325,2024-02-21 08:05:00,1.26331,1.26278,1.26288
98,1.26296,2024-02-21 08:10:00,1.26325,1.26278,1.26325
99,1.2627,2024-02-21 08:15:00,1.26302,1.26258,1.26296
100,1.26251,2024-02-21 08:20:00,1.26278,1.26238,1.2627
101,1.26189,2024-02-21 08:25:00,1.2625,1.26185,1.2625
102,1.26186,2024-02-21 08:30:00,1.262,1.26176,1.26188
103,1.26143,2024-02-21 08:35:00,1.26186,1.26137,1.26186
104,1.26158,2024-02-21 08:40:00,1.2617,1.26137,1.26142
105,1.26168,2024-02-21 08:45:00,1.26181,1.26148,1.26159
106,1.26152,2024-02-21 08:50:00,1.26178,1.2615,1.26168
107,1.26084,2024-02-21 08:55:00,1.26151,1.26076,1.26151
108,1.26071,2024-02-21 09:00:00,1.26084,1.26044,1.26084
109,1.26048,2024-02-21 09:05:00,1.26082,1.2603,1.2607
110,1.26053,2024-02-21 09:10:00,1.26069,1.26028,1.26048
111,1.26093,2024-02-21 09:15:00,1.26093,1.2605,1.26052
112,1.26092,2024-02-21 09:20:00,1.26103,1.26084,1.26093
113,1.26052,2024-02-21 09:25:00,1.26094,1.26046,1.26091
114,1.26061,2024-02-21 09:30:00,1.26071,1.26029,1.26052
115,1.2608,2024-02-21 09:35:00,1.26088,1.2605,1.26062
116,1.26092,2024-02-21 09:40:00,1.26114,1.26078,1.2608
117,1.26089,2024-02-21 09:45:00,1.26112,1.26077,1.26091
118,1.261,2024-02-21 09:50:00,1.26102,1.26046,1.2609
119,1.2612,2024-02-21 09:55:00,1.26122,1.26094,1.261
120,1.26092,2024-02-21 10:00:00,1.26125,1.26086,1.26121
121,1.26118,2024-02-21 10:05:00,1.26122,1.26087,1.26092
122,1.26143,2024-02-21 10:10:00,1.26146,1.26113,1.26118
123,1.26132,2024-02-21 10:15:00,1.26166,1.26129,1.26142
124,1.2613,2024-02-21 10:20:00,1.26151,1.26126,1.26132
125,1.2613,2024-02-21 10:25:00,1.26149,1.26116,1.2613
126,1.26138,2024-02-21 10:30:00,1.26141,1.26112,1.2613
127,1.26149,2024-02-21 10:35:00,1.26159,1.26129,1.26138
128,1.26189,2024-02-21 10:40:00,1.26191,1.26136,1.26148
129,1.26188,2024-02-21 10:45:00,1.2619,1.26169,1.26188
130,1.2622,2024-02-21 10:50:00,1.26249,1.26188,1.26188
131,1.26216,2024-02-21 10:55:00,1.26228,1.26205,1.2622
132,1.26195,2024-02-21 11:00:00,1.26216,1.26183,1.26216
133,1.26164,2024-02-21 11:05:00,1.262,1.2616,1.26194
134,1.26118,2024-02-21 11:10:00,1.26171,1.26109,1.26164
135,1.26147,2024-02-21 11:15:00,1.26166,1.26114,1.26118
136,1.26098,2024-02-21 11:20:00,1.26147,1.26092,1.26147
137,1.26094,2024-02-21 11:25:00,1.26114,1.26084,1.26098
138,1.26098,2024-02-21 11:30:00,1.26116,1.26084,1.26094
139,1.26124,2024-02-21 11:35:00,1.26128,1.26096,1.26098
140,1.2611,2024-02-21 11:40:00,1.26125,1.26098,1.26125
141,1.26119,2024-02-21 11:45:00,1.26136,1.26109,1.2611
142,1.26116,2024-02-21 11:50:00,1.26121,1.26098,1.26117
143,1.26159,2024-02-21 11:55:00,1.2616,1.26104,1.26116
144,1.2615,2024-02-21 12:00:00,1.26181,1.2615,1.2616
145,1.26115,2024-02-21 12:05:00,1.2615,1.26112,1.2615
146,1.26195,2024-02-21 12:10:00,1.26196,1.26116,1.26116
147,1.26192,2024-02-21 12:15:00,1.2621,1.26165,1.26195
148,1.26162,2024-02-21 12:20:00,1.2621,1.26156,1.26193
149,1.26166,2024-02-21 12:25:00,1.26206,1.26155,1.26162
150,1.26149,2024-02-21 12:30:00,1.26176,1.26145,1.26166
151,1.26148,2024-02-21 12:35:00,1.26157,1.26142,1.26148
152,1.26145,2024-02-21 12:40:00,1.26168,1.26138,1.26148
153,1.26154,2024-02-21 12:45:00,1.26165,1.26142,1.26145
154,1.26135,2024-02-21 12:50:00,1.26157,1.26134,1.26155
155,1.26172,2024-02-21 12:55:00,1.26173,1.26135,1.26135
156,1.26255,2024-02-21 13:00:00,1.26256,1.2617,1.26174
157,1.2625,2024-02-21 13:05:00,1.26276,1.26229,1.26255
158,1.26263,2024-02-21 13:10:00,1.2629,1.26232,1.2625
159,1.26265,2024-02-21 13:15:00,1.26308,1.26261,1.26263
160,1.26254,2024-02-21 13:20:00,1.26274,1.26242,1.26265
161,1.26236,2024-02-21 13:25:00,1.26256,1.26224,1.26254
162,1.26268,2024-02-21 13:30:00,1.26274,1.26231,1.26236
163,1.26249,2024-02-21 13:35:00,1.26281,1.26247,1.26268
164,1.26254,2024-02-21 13:40:00,1.26275,1.26237,1.26249
165,1.26255,2024-02-21 13:45:00,1.26261,1.26214,1.26253
166,1.26268,2024-02-21 13:50:00,1.26271,1.2622,1.26256
167,1.26242,2024-02-21 13:55:00,1.26284,1.26229,1.26269
168,1.26285,2024-02-21 14:00:00,1.26287,1.2623,1.26241
169,1.26295,2024-02-21 14:05:00,1.263,1.26263,1.26286
170,1.26337,2024-02-21 14:10:00,1.26346,1.26293,1.26295
171,1.26327,2024-02-21 14:15:00,1.26347,1.26301,1.26337
172,1.26286,2024-02-21 14:20:00,1.26346,1.26278,1.26328
173,1.26285,2024-02-21 14:25:00,1.2631,1.26264,1.26285
174,1.26226,2024-02-21 14:30:00,1.263,1.26214,1.26285
175,1.26194,2024-02-21 14:35:00,1.2623,1.26172,1.26226
176,1.26228,2024-02-21 14:40:00,1.26232,1.26183,1.26193
177,1.2624,2024-02-21 14:45:00,1.2625,1.26222,1.26228
178,1.2625,2024-02-21 14:50:00,1.26259,1.26222,1.26239
179,1.2624,2024-02-21 14:55:00,1.26274,1.26224,1.26249
180,1.26245,2024-02-21 15:00:00,1.26245,1.26199,1.26239
181,1.2625,2024-02-21 15:05:00,1.26258,1.26206,1.26244
182,1.26276,2024-02-21 15:10:00,1.26279,1.26245,1.26251
183,1.2625,2024-02-21 15:15:00,1.26286,1.26241,1.26277
184,1.26186,2024-02-21 15:20:00,1.26252,1.2617,1.2625
185,1.26178,2024-02-21 15:25:00,1.26212,1.26154,1.26186
186,1.26199,2024-02-21 15:30:00,1.2623,1.26157,1.26178
187,1.26195,2024-02-21 15:35:00,1.26218,1.26179,1.26198
188,1.26168,2024-02-21 15:40:00,1.26205,1.26156,1.26195
189,1.26126,2024-02-21 15:45:00,1.26173,1.26114,1.26168
190,1.26106,2024-02-21 15:50:00,1.26132,1.261,1.26127
191,1.26123,2024-02-21 15:55:00,1.26152,1.26105,1.26106
192,1.26099,2024-02-21 16:00:00,1.26147,1.26085,1.26124
193,1.26171,2024-02-21 16:05:00,1.26175,1.26054,1.26098
194,1.26195,2024-02-21 16:10:00,1.26195,1.26155,1.26171
195,1.2621,2024-02-21 16:15:00,1.26211,1.26166,1.26194
196,1.26232,2024-02-21 16:20:00,1.26235,1.26203,1.2621
197,1.26239,2024-02-21 16:25:00,1.26252,1.26215,1.26232
198,1.2624,2024-02-21 16:30:00,1.26257,1.26226,1.2624
199,1.26246,2024-02-21 16:35:00,1.26257,1.26224,1.2624
200,1.2626,2024-02-21 16:40:00,1.26271,1.26217,1.26247
201,1.26247,2024-02-21 16:45:00,1.26272,1.26239,1.26259
202,1.26226,2024-02-21 16:50:00,1.26256,1.26225,1.26248
203,1.26218,2024-02-21 16:55:00,1.26231,1.2621,1.26226
204,1.26186,2024-02-21 17:00:00,1.2622,1.26185,1.26219
205,1.26156,2024-02-21 17:05:00,1.26187,1.26142,1.26187
206,1.26158,2024-02-21 17:10:00,1.2617,1.26139,1.26156
207,1.2616,2024-02-21 17:15:00,1.26162,1.26136,1.26157
208,1.26146,2024-02-21 17:20:00,1.26175,1.26122,1.2616
209,1.26171,2024-02-21 17:25:00,1.26171,1.2614,1.26146
210,1.26157,2024-02-21 17:30:00,1.262,1.26156,1.26171
211,1.26137,2024-02-21 17:35:00,1.26172,1.26137,1.26158
212,1.2613,2024-02-21 17:40:00,1.26145,1.26127,1.26137
213,1.2615,2024-02-21 17:45:00,1.26172,1.2613,1.26131
214,1.26191,2024-02-21 17:50:00,1.26192,1.26149,1.2615
215,1.2616,2024-02-21 17:55:00,1.26192,1.26146,1.26192
216,1.26115,2024-02-21 18:00:00,1.26166,1.2606,1.2616
217,1.26096,2024-02-21 18:05:00,1.26114,1.26074,1.26114
218,1.26158,2024-02-21 18:10:00,1.26168,1.26096,1.26096
219,1.26187,2024-02-21 18:15:00,1.26197,1.26159,1.26159
220,1.26225,2024-02-21 18:20:00,1.2623,1.26176,1.26186
221,1.26218,2024-02-21 18:25:00,1.26226,1.26206,1.26226
222,1.2624,2024-02-21 18:30:00,1.26242,1.26215,1.26217
223,1.26254,2024-02-21 18:35:00,1.26262,1.26238,1.2624
224,1.26263,2024-02-21 18:40:00,1.26264,1.26244,1.26254
225,1.26274,2024-02-21 18:45:00,1.26279,1.26256,1.26262
226,1.26244,2024-02-21 18:50:00,1.26274,1.26243,1.26274
227,1.26248,2024-02-21 18:55:00,1.2627,1.26243,1.26244
228,1.26356,2024-02-21 19:00:00,1.26421,1.26172,1.26247
229,1.26298,2024-02-21 19:05:00,1.2636,1.2626,1.26355
230,1.26349,2024-02-21 19:10:00,1.26376,1.26286,1.26298
231,1.26322,2024-02-21 19:15:00,1.26369,1.26316,1.26348
232,1.2631,2024-02-21 19:20:00,1.2634,1.263,1.26323
233,1.26308,2024-02-21 19:25:00,1.2634,1.26278,1.26309
234,1.26323,2024-02-21 19:30:00,1.2633,1.26293,1.26308
235,1.26289,2024-02-21 19:35:00,1.26336,1.26289,1.26322
236,1.26258,2024-02-21 19:40:00,1.26291,1.26258,1.26287
237,1.2626,2024-02-21 19:45:00,1.2628,1.26243,1.26258
238,1.26326,2024-02-21 19:50:00,1.26326,1.26258,1.2626
239,1.2632,2024-02-21 19:55:00,1.26348,1.26318,1.26326
240,1.26298,2024-02-21 20:00:00,1.26336,1.26293,1.26319
241,1.26316,2024-02-21 20:05:00,1.26318,1.26284,1.26298
242,1.26308,2024-02-21 20:10:00,1.26324,1.26296,1.26316
243,1.26274,2024-02-21 20:15:00,1.26308,1.2627,1.26308
244,1.26268,2024-02-21 20:20:00,1.26274,1.2625,1.26274
245,1.26314,2024-02-21 20:25:00,1.26316,1.26268,1.26268
246,1.2636,2024-02-21 20:30:00,1.26368,1.26313,1.26313
247,1.26372,2024-02-21 20:35:00,1.26384,1.26356,1.26359
248,1.26368,2024-02-21 20:40:00,1.26384,1.26362,1.26372
249,1.26344,2024-02-21 20:45:00,1.26376,1.26334,1.26368
250,1.26354,2024-02-21 20:50:00,1.26355,1.26334,1.26345
251,1.26338,2024-02-21 20:55:00,1.26368,1.26322,1.26354
252,1.26321,2024-02-21 21:00:00,1.26344,1.26317,1.26337
253,1.26307,2024-02-21 21:05:00,1.26322,1.26302,1.2632
254,1.26298,2024-02-21 21:10:00,1.2631,1.26295,1.26306
255,1.26301,2024-02-21 21:15:00,1.26305,1.26295,1.26298
256,1.26327,2024-02-21 21:20:00,1.26338,1.26289,1.263
257,1.26346,2024-02-21 21:25:00,1.26354,1.26325,1.26326
258,1.26356,2024-02-21 21:30:00,1.2637,1.26346,1.26346
259,1.26376,2024-02-21 21:35:00,1.26376,1.26347,1.26356
260,1.26355,2024-02-21 21:40:00,1.2638,1.26355,1.26376
261,1.26355,2024-02-21 21:45:00,1.26356,1.26349,1.26356
262,1.26357,2024-02-21 21:50:00,1.26368,1.26353,1.26355
263,1.26375,2024-02-21 21:55:00,1.26386,1.26357,1.26358
264,1.2637,2024-02-21 22:05:00,1.2637,1.2636,1.2636
265,1.26368,2024-02-21 22:10:00,1.2637,1.2636,1.26361
266,1.26369,2024-02-21 22:15:00,1.26375,1.26366,1.26368
267,1.26362,2024-02-21 22:20:00,1.26371,1.26361,1.26368
268,1.26364,2024-02-21 22:25:00,1.2637,1.26362,1.26363
269,1.26356,2024-02-21 22:30:00,1.2637,1.2635,1.26363
270,1.26383,2024-02-21 22:35:00,1.26388,1.2635,1.26355
271,1.26377,2024-02-21 22:40:00,1.26385,1.26356,1.26383
272,1.26381,2024-02-21 22:45:00,1.26382,1.26372,1.26376
273,1.26376,2024-02-21 22:50:00,1.26383,1.26371,1.26383
274,1.26377,2024-02-21 22:55:00,1.26389,1.26375,1.26378
275,1.26409,2024-02-21 23:00:00,1.26412,1.26375,1.26379
276,1.26392,2024-02-21 23:05:00,1.26409,1.26391,1.26409
277,1.26375,2024-02-21 23:10:00,1.26396,1.26375,1.26392
278,1.26392,2024-02-21 23:15:00,1.26395,1.26376,1.26376
279,1.26391,2024-02-21 23:20:00,1.26394,1.26381,1.26393
280,1.26388,2024-02-21 23:25:00,1.26391,1.26384,1.2639
281,1.26377,2024-02-21 23:30:00,1.2639,1.26375,1.26389
282,1.26368,2024-02-21 23:35:00,1.2638,1.26365,1.26376
283,1.26372,2024-02-21 23:40:00,1.26378,1.2636,1.26368
284,1.2637,2024-02-21 23:45:00,1.26385,1.2637,1.26373
285,1.26362,2024-02-21 23:50:00,1.26371,1.26356,1.2637
286,1.26384,2024-02-21 23:55:00,1.26386,1.2636,1.26362
287,1.2638,2024-02-22 00:00:00,1.26389,1.26376,1.26385
288,1.26408,2024-02-22 00:05:00,1.26408,1.26377,1.26381
289,1.26418,2024-02-22 00:10:00,1.26418,1.26401,1.26408
290,1.26435,2024-02-22 00:15:00,1.26436,1.26402,1.26416
291,1.26426,2024-02-22 00:20:00,1.26442,1.26424,1.26435
292,1.26427,2024-02-22 00:25:00,1.26439,1.26424,1.26426
293,1.26429,2024-02-22 00:30:00,1.26431,1.26415,1.26428
294,1.26446,2024-02-22 00:35:00,1.26448,1.26426,1.26429
295,1.26444,2024-02-22 00:40:00,1.26454,1.26436,1.26446
296,1.26465,2024-02-22 00:45:00,1.26472,1.26444,1.26445
297,1.26445,2024-02-22 00:50:00,1.26468,1.26442,1.26466
298,1.26459,2024-02-22 00:55:00,1.26467,1.2643,1.26445
299,1.26438,2024-02-22 01:00:00,1.26465,1.26436,1.2646
300,1.26425,2024-02-22 01:05:00,1.26438,1.26424,1.26437
301,1.26421,2024-02-22 01:10:00,1.26426,1.26404,1.26426
302,1.26441,2024-02-22 01:15:00,1.26441,1.26419,1.26422
303,1.26396,2024-02-22 01:20:00,1.2644,1.26388,1.2644
304,1.26402,2024-02-22 01:25:00,1.26416,1.26394,1.26396
305,1.26434,2024-02-22 01:30:00,1.26436,1.26404,1.26404
306,1.26396,2024-02-22 01:35:00,1.26436,1.2638,1.26435
307,1.26396,2024-02-22 01:40:00,1.26399,1.26384,1.26397
308,1.26407,2024-02-22 01:45:00,1.26416,1.26392,1.26395
309,1.26415,2024-02-22 01:50:00,1.26416,1.26398,1.26406
310,1.26399,2024-02-22 01:55:00,1.2642,1.26396,1.26416
311,1.26396,2024-02-22 02:00:00,1.26399,1.26382,1.26399
312,1.26374,2024-02-22 02:05:00,1.26399,1.26371,1.26396
313,1.26325,2024-02-22 02:10:00,1.26375,1.26324,1.26375
314,1.2634,2024-02-22 02:15:00,1.26342,1.26314,1.26326
315,1.26342,2024-02-22 02:20:00,1.26347,1.26332,1.26341
316,1.26347,2024-02-22 02:25:00,1.26359,1.26336,1.26341
317,1.26354,2024-02-22 02:30:00,1.26357,1.26333,1.26346
318,1.26347,2024-02-22 02:35:00,1.26354,1.26344,1.26354
319,1.26365,2024-02-22 02:40:00,1.26366,1.26343,1.26346
320,1.26381,2024-02-22 02:45:00,1.264,1.26358,1.26364
321,1.26405,2024-02-22 02:50:00,1.26406,1.26378,1.2638
322,1.26396,2024-02-22 02:55:00,1.26407,1.26391,1.26405
323,1.26396,2024-02-22 03:00:00,1.26404,1.26384,1.26396
324,1.26408,2024-02-22 03:05:00,1.26409,1.26386,1.26397
325,1.26399,2024-02-22 03:10:00,1.26409,1.26395,1.26409
326,1.2639,2024-02-22 03:15:00,1.26402,1.2638,1.264
327,1.26389,2024-02-22 03:20:00,1.2639,1.26368,1.2639
328,1.26381,2024-02-22 03:25:00,1.26395,1.26377,1.2639
329,1.26375,2024-02-22 03:30:00,1.26382,1.26368,1.26382
330,1.26367,2024-02-22 03:35:00,1.26376,1.26366,1.26376
331,1.26367,2024-02-22 03:40:00,1.26375,1.26359,1.26368
332,1.26369,2024-02-22 03:45:00,1.26369,1.26356,1.26368
333,1.26382,2024-02-22 03:50:00,1.26386,1.26368,1.2637
334,1.26375,2024-02-22 03:55:00,1.26388,1.26372,1.26382
335,1.26379,2024-02-22 04:00:00,1.26383,1.2637,1.26374
336,1.26358,2024-02-22 04:05:00,1.26379,1.26346,1.26378
337,1.26372,2024-02-22 04:10:00,1.26374,1.26356,1.26358
338,1.2638,2024-02-22 04:15:00,1.26384,1.26373,1.26373
339,1.26379,2024-02-22 04:20:00,1.26383,1.26368,1.2638
340,1.26386,2024-02-22 04:25:00,1.26388,1.2637,1.26378
341,1.26389,2024-02-22 04:30:00,1.26396,1.26378,1.26387
342,1.26388,2024-02-22 04:35:00,1.2639,1.26385,1.26389
343,1.264,2024-02-22 04:40:00,1.26401,1.26385,1.26388
344,1.26399,2024-02-22 04:45:00,1.2641,1.26396,1.26399
345,1.26396,2024-02-22 04:50:00,1.264,1.26392,1.26399
346,1.26406,2024-02-22 04:55:00,1.26417,1.26386,1.26396
347,1.26412,2024-02-22 05:00:00,1.26417,1.26398,1.26405
348,1.26415,2024-02-22 05:05:00,1.2642,1.26408,1.26413
349,1.2643,2024-02-22 05:10:00,1.2643,1.26407,1.26415
350,1.26439,2024-02-22 05:15:00,1.26439,1.26421,1.26429
351,1.26438,2024-02-22 05:20:00,1.2644,1.26431,1.26438
352,1.2643,2024-02-22 05:25:00,1.2644,1.26426,1.26438
353,1.26424,2024-02-22 05:30:00,1.2643,1.26415,1.2643
354,1.26448,2024-02-22 05:35:00,1.26458,1.26424,1.26424
355,1.26458,2024-02-22 05:40:00,1.26458,1.26445,1.26448
356,1.2648,2024-02-22 05:45:00,1.26488,1.26458,1.26458
357,1.26458,2024-02-22 05:50:00,1.26488,1.26458,1.26482
358,1.26452,2024-02-22 05:55:00,1.26463,1.26442,1.26458
359,1.26456,2024-02-22 06:00:00,1.2647,1.26451,1.26453
360,1.2647,2024-02-22 06:05:00,1.26475,1.26454,1.26456
361,1.26478,2024-02-22 06:10:00,1.26486,1.2645,1.2647
362,1.26468,2024-02-22 06:15:00,1.26488,1.26467,1.26477
363,1.2647,2024-02-22 06:20:00,1.26478,1.26459,1.26468
364,1.26466,2024-02-22 06:25:00,1.26474,1.26463,1.2647
365,1.26487,2024-02-22 06:30:00,1.2649,1.26464,1.26465
366,1.26495,2024-02-22 06:35:00,1.26498,1.2648,1.26488
367,1.26485,2024-02-22 06:40:00,1.26498,1.2648,1.26494
368,1.26492,2024-02-22 06:45:00,1.26496,1.2648,1.26486
369,1.26504,2024-02-22 06:50:00,1.26514,1.26487,1.26493
370,1.26485,2024-02-22 06:55:00,1.26506,1.26484,1.26505
371,1.26504,2024-02-22 07:00:00,1.26514,1.26468,1.26486
372,1.26546,2024-02-22 07:05:00,1.26554,1.26503,1.26503
373,1.26567,2024-02-22 07:10:00,1.26588,1.26544,1.26547
374,1.26629,2024-02-22 07:15:00,1.26638,1.26565,1.26568
375,1.26606,2024-02-22 07:20:00,1.26629,1.26603,1.26629
376,1.26649,2024-02-22 07:25:00,1.26652,1.26604,1.26606
377,1.26654,2024-02-22 07:30:00,1.26663,1.26624,1.26649
378,1.26656,2024-02-22 07:35:00,1.26662,1.26644,1.26655
379,1.2668,2024-02-22 07:40:00,1.26689,1.26654,1.26655
380,1.26752,2024-02-22 07:45:00,1.26756,1.26674,1.2668
381,1.2674,2024-02-22 07:50:00,1.26761,1.26722,1.26752
382,1.26741,2024-02-22 07:55:00,1.26756,1.26722,1.2674
383,1.26742,2024-02-22 08:00:00,1.26764,1.2672,1.26742
384,1.26815,2024-02-22 08:05:00,1.26832,1.26732,1.26741
385,1.26865,2024-02-22 08:10:00,1.26889,1.26811,1.26814
386,1.26988,2024-02-22 08:15:00,1.27052,1.26865,1.26865
387,1.27056,2024-02-22 08:20:00,1.2707,1.26978,1.26989
388,1.2709,2024-02-22 08:25:00,1.27096,1.2703,1.27056
389,1.2698,2024-02-22 08:30:00,1.27088,1.26928,1.27086
390,1.26947,2024-02-22 08:35:00,1.27014,1.26942,1.2698
391,1.2695,2024-02-22 08:40:00,1.26996,1.2694,1.26948
392,1.26991,2024-02-22 08:45:00,1.2701,1.2694,1.2695
393,1.27032,2024-02-22 08:50:00,1.27062,1.2699,1.26991
394,1.27016,2024-02-22 08:55:00,1.27036,1.26998,1.27033
395,1.26999,2024-02-22 09:00:00,1.27022,1.26964,1.27018
396,1.26981,2024-02-22 09:05:00,1.2701,1.2697,1.26999
397,1.27004,2024-02-22 09:10:00,1.27021,1.26972,1.26981
398,1.26952,2024-02-22 09:15:00,1.2702,1.26952,1.27004
399,1.26924,2024-02-22 09:20:00,1.26958,1.26917,1.26952
400,1.26926,2024-02-22 09:25:00,1.26937,1.26895,1.26925
401,1.26766,2024-02-22 09:30:00,1.27011,1.26764,1.26936
402,1.26781,2024-02-22 09:35:00,1.2679,1.2673,1.26766
403,1.2675,2024-02-22 09:40:00,1.2678,1.26708,1.2678
404,1.26728,2024-02-22 09:45:00,1.26762,1.26721,1.2675
405,1.26761,2024-02-22 09:50:00,1.26762,1.26724,1.26728
406,1.26762,2024-02-22 09:55:00,1.26782,1.26746,1.26762
407,1.26732,2024-02-22 10:00:00,1.26772,1.2673,1.26761
408,1.26732,2024-02-22 10:05:00,1.2674,1.26716,1.26732
409,1.26771,2024-02-22 10:10:00,1.26774,1.2672,1.26732
410,1.26732,2024-02-22 10:15:00,1.26772,1.26728,1.26771
411,1.26752,2024-02-22 10:20:00,1.26762,1.26734,1.26734
412,1.26803,2024-02-22 10:25:00,1.26804,1.26749,1.26752
413,1.26864,2024-02-22 10:30:00,1.26865,1.26797,1.26802
414,1.26883,2024-02-22 10:35:00,1.26884,1.2686,1.26863
415,1.26863,2024-02-22 10:40:00,1.26902,1.26859,1.26882
416,1.26778,2024-02-22 10:45:00,1.26864,1.26768,1.26864
417,1.26786,2024-02-22 10:50:00,1.2679,1.26771,1.26778
418,1.26797,2024-02-22 10:55:00,1.26807,1.2678,1.26786
419,1.26757,2024-02-22 11:00:00,1.268,1.26748,1.26798
420,1.26702,2024-02-22 11:05:00,1.26758,1.26702,1.26757
421,1.26698,2024-02-22 11:10:00,1.2671,1.26678,1.26701
422,1.26726,2024-02-22 11:15:00,1.26728,1.26696,1.26698
423,1.2671,2024-02-22 11:20:00,1.2675,1.26708,1.26725
424,1.26719,2024-02-22 11:25:00,1.26728,1.26701,1.2671
425,1.26699,2024-02-22 11:30:00,1.26755,1.26695,1.26718
426,1.26688,2024-02-22 11:35:00,1.2671,1.26673,1.267
427,1.26702,2024-02-22 11:40:00,1.26708,1.26673,1.26686
428,1.26738,2024-02-22 11:45:00,1.26742,1.26698,1.26701
429,1.26772,2024-02-22 11:50:00,1.26773,1.26734,1.26737
430,1.26804,2024-02-22 11:55:00,1.26806,1.26761,1.26772
431,1.2675,2024-02-22 12:00:00,1.2683,1.26749,1.26805
432,1.26761,2024-02-22 12:05:00,1.26778,1.2674,1.2675
433,1.26768,2024-02-22 12:10:00,1.26782,1.26755,1.2676
434,1.26752,2024-02-22 12:15:00,1.2678,1.2675,1.26768
435,1.2672,2024-02-22 12:20:00,1.26752,1.26709,1.26752
436,1.26735,2024-02-22 12:25:00,1.26742,1.26698,1.2672
437,1.26736,2024-02-22 12:30:00,1.26752,1.26728,1.26734
438,1.26742,2024-02-22 12:35:00,1.26772,1.26728,1.26735
439,1.26719,2024-02-22 12:40:00,1.2676,1.26708,1.26742
440,1.26711,2024-02-22 12:45:00,1.2673,1.26704,1.2672
441,1.26698,2024-02-22 12:50:00,1.26714,1.26695,1.26712
442,1.26693,2024-02-22 12:55:00,1.26698,1.26662,1.26696
443,1.26676,2024-02-22 13:00:00,1.26716,1.26663,1.26694
444,1.26654,2024-02-22 13:05:00,1.2669,1.2665,1.26676
445,1.26609,2024-02-22 13:10:00,1.2666,1.26602,1.26654
446,1.26586,2024-02-22 13:15:00,1.2662,1.26582,1.26609
447,1.26514,2024-02-22 13:20:00,1.26588,1.26495,1.26585
448,1.26516,2024-02-22 13:25:00,1.26543,1.26502,1.26515
449,1.26439,2024-02-22 13:30:00,1.26516,1.26374,1.26516
450,1.26383,2024-02-22 13:35:00,1.26478,1.26379,1.26439
451,1.26374,2024-02-22 13:40:00,1.26413,1.26354,1.26384
452,1.26402,2024-02-22 13:45:00,1.26426,1.26372,1.26373
453,1.26335,2024-02-22 13:50:00,1.26434,1.2633,1.26403
454,1.26285,2024-02-22 13:55:00,1.26336,1.26265,1.26336
455,1.26237,2024-02-22 14:00:00,1.26296,1.26236,1.26284
456,1.26216,2024-02-22 14:05:00,1.26273,1.26204,1.26238
457,1.2625,2024-02-22 14:10:00,1.26252,1.26189,1.26215
458,1.26216,2024-02-22 14:15:00,1.26256,1.26204,1.2625
459,1.26186,2024-02-22 14:20:00,1.26226,1.26175,1.26217
460,1.26182,2024-02-22 14:25:00,1.26189,1.26158,1.26186
461,1.26166,2024-02-22 14:30:00,1.26186,1.26134,1.26182
462,1.26182,2024-02-22 14:35:00,1.26182,1.26142,1.26166
463,1.2615,2024-02-22 14:40:00,1.26183,1.26117,1.26182
464,1.26221,2024-02-22 14:45:00,1.2631,1.26152,1.26152
465,1.26249,2024-02-22 14:50:00,1.26276,1.26206,1.26221
466,1.26313,2024-02-22 14:55:00,1.2633,1.26246,1.26248
467,1.26174,2024-02-22 15:00:00,1.26313,1.26155,1.26312
468,1.26124,2024-02-22 15:05:00,1.26193,1.26124,1.26175
469,1.26228,2024-02-22 15:10:00,1.26232,1.26118,1.26124
470,1.26205,2024-02-22 15:15:00,1.26252,1.26173,1.26227
471,1.26254,2024-02-22 15:20:00,1.26265,1.2619,1.26205
472,1.26222,2024-02-22 15:25:00,1.26264,1.26184,1.26255
473,1.26258,2024-02-22 15:30:00,1.2627,1.26214,1.26221
474,1.26232,2024-02-22 15:35:00,1.26261,1.26209,1.26258
475,1.26256,2024-02-22 15:40:00,1.2631,1.26233,1.26233
476,1.2622,2024-02-22 15:45:00,1.26256,1.26218,1.26256
477,1.26204,2024-02-22 15:50:00,1.2622,1.26176,1.26219
478,1.2621,2024-02-22 15:55:00,1.26228,1.26169,1.26204
479,1.26338,2024-02-22 16:00:00,1.26338,1.26209,1.2621
480,1.26391,2024-02-22 16:05:00,1.26396,1.26324,1.26337
481,1.264,2024-02-22 16:10:00,1.26421,1.2637,1.2639
482,1.26368,2024-02-22 16:15:00,1.264,1.26368,1.264
483,1.26401,2024-02-22 16:20:00,1.26414,1.26366,1.26369
484,1.2639,2024-02-22 16:25:00,1.26401,1.26377,1.26401
485,1.26381,2024-02-22 16:30:00,1.26397,1.26366,1.2639
486,1.26428,2024-02-22 16:35:00,1.26433,1.26365,1.26381
487,1.26461,2024-02-22 16:40:00,1.26478,1.26428,1.26429
488,1.26421,2024-02-22 16:45:00,1.26474,1.26394,1.26462
489,1.26454,2024-02-22 16:50:00,1.26463,1.26417,1.2642
490,1.26452,2024-02-22 16:55:00,1.26484,1.26442,1.26454
491,1.26456,2024-02-22 17:00:00,1.26474,1.2644,1.26454
492,1.2642,2024-02-22 17:05:00,1.26456,1.264,1.26456
493,1.2644,2024-02-22 17:10:00,1.26442,1.26404,1.26419
494,1.2649,2024-02-22 17:15:00,1.26496,1.26439,1.2644
495,1.26489,2024-02-22 17:20:00,1.26498,1.26476,1.2649
496,1.26529,2024-02-22 17:25:00,1.26545,1.26487,1.2649
497,1.26557,2024-02-22 17:30:00,1.26563,1.26528,1.26528
498,1.26576,2024-02-22 17:35:00,1.26578,1.26546,1.26557
499,1.26586,2024-02-22 17:40:00,1.26587,1.26556,1.26576
500,1.26576,2024-02-22 17:45:00,1.26588,1.26557,1.26586
501,1.26579,2024-02-22 17:50:00,1.26586,1.26556,1.26575
502,1.26566,2024-02-22 17:55:00,1.266,1.26566,1.2658
503,1.26547,2024-02-22 18:00:00,1.26579,1.26544,1.26566
504,1.26537,2024-02-22 18:05:00,1.26556,1.26526,1.26547
505,1.2647,2024-02-22 18:10:00,1.26537,1.26468,1.26536
506,1.26467,2024-02-22 18:15:00,1.26485,1.26466,1.26471
507,1.26528,2024-02-22 18:20:00,1.26533,1.26445,1.26468
508,1.26587,2024-02-22 18:25:00,1.26589,1.26518,1.26528
509,1.26588,2024-02-22 18:30:00,1.26609,1.26578,1.26588
510,1.26627,2024-02-22 18:35:00,1.26628,1.26578,1.26588
511,1.26616,2024-02-22 18:40:00,1.26631,1.26607,1.26628
512,1.26621,2024-02-22 18:45:00,1.26626,1.26598,1.26616
513,1.26624,2024-02-22 18:50:00,1.26628,1.26595,1.26622
514,1.26616,2024-02-22 18:55:00,1.26626,1.26609,1.26626
515,1.26608,2024-02-22 19:00:00,1.26619,1.26595,1.26615
516,1.26627,2024-02-22 19:05:00,1.26647,1.26608,1.26608
517,1.26624,2024-02-22 19:10:00,1.26632,1.26615,1.26628
518,1.26611,2024-02-22 19:15:00,1.26628,1.2661,1.26624
519,1.26628,2024-02-22 19:20:00,1.2663,1.26612,1.26612
520,1.2662,2024-02-22 19:25:00,1.2663,1.26617,1.26628
521,1.26588,2024-02-22 19:30:00,1.2663,1.2658,1.26621
522,1.2659,2024-02-22 19:35:00,1.26604,1.26585,1.26588
523,1.26572,2024-02-22 19:40:00,1.26591,1.26561,1.26591
524,1.2661,2024-02-22 19:45:00,1.2661,1.26571,1.26572
525,1.2661,2024-02-22 19:50:00,1.26618,1.26599,1.2661
526,1.26591,2024-02-22 19:55:00,1.26618,1.26587,1.26609
527,1.26576,2024-02-22 20:00:00,1.26601,1.2657,1.2659
528,1.26576,2024-02-22 20:05:00,1.26578,1.26554,1.26576
529,1.26578,2024-02-22 20:10:00,1.26589,1.26571,1.26576
530,1.2657,2024-02-22 20:15:00,1.26582,1.26557,1.26578
531,1.26588,2024-02-22 20:20:00,1.26588,1.26558,1.2657
532,1.26591,2024-02-22 20:25:00,1.26602,1.26586,1.26588
533,1.26556,2024-02-22 20:30:00,1.26602,1.26555,1.2659
534,1.26578,2024-02-22 20:35:00,1.26579,1.26548,1.26555
535,1.26596,2024-02-22 20:40:00,1.26606,1.26578,1.26578
536,1.26598,2024-02-22 20:45:00,1.26599,1.2658,1.26596
537,1.26602,2024-02-22 20:50:00,1.2661,1.2659,1.26598
538,1.26612,2024-02-22 20:55:00,1.26619,1.26603,1.26604
539,1.26602,2024-02-22 21:00:00,1.26612,1.26599,1.26612
540,1.26601,2024-02-22 21:05:00,1.2661,1.266,1.26603
541,1.2659,2024-02-22 21:10:00,1.26602,1.26587,1.266
542,1.266,2024-02-22 21:15:00,1.26604,1.2659,1.26591
543,1.26607,2024-02-22 21:20:00,1.26613,1.26599,1.26599
544,1.26601,2024-02-22 21:25:00,1.26608,1.26592,1.26608
545,1.2661,2024-02-22 21:30:00,1.26611,1.26599,1.26601
546,1.26599,2024-02-22 21:35:00,1.2661,1.2659,1.26609
547,1.26595,2024-02-22 21:40:00,1.26606,1.26593,1.26599
548,1.26605,2024-02-22 21:45:00,1.26608,1.26591,1.26592
549,1.2661,2024-02-22 21:50:00,1.26615,1.26603,1.26605
550,1.26604,2024-02-22 21:55:00,1.2662,1.266,1.26611
551,1.26598,2024-02-22 22:05:00,1.26621,1.26598,1.2662
552,1.26599,2024-02-22 22:10:00,1.26599,1.26596,1.26596
553,1.26587,2024-02-22 22:15:00,1.26595,1.26586,1.26594
554,1.26588,2024-02-22 22:20:00,1.26588,1.26588,1.26588
555,1.26589,2024-02-22 22:25:00,1.26589,1.26586,1.26588
556,1.26598,2024-02-22 22:30:00,1.26608,1.26588,1.26588
557,1.26601,2024-02-22 22:35:00,1.26603,1.26595,1.26598
558,1.266,2024-02-22 22:40:00,1.26608,1.2659,1.26602
559,1.26588,2024-02-22 22:45:00,1.26603,1.26581,1.26601
560,1.26591,2024-02-22 22:50:00,1.26598,1.26586,1.26588
561,1.26588,2024-02-22 22:55:00,1.26603,1.2658,1.26592
562,1.26621,2024-02-22 23:00:00,1.26623,1.26588,1.26588
563,1.26618,2024-02-22 23:05:00,1.26623,1.26617,1.2662
564,1.26627,2024-02-22 23:10:00,1.26629,1.26618,1.2662
565,1.26637,2024-02-22 23:15:00,1.26644,1.26628,1.26628
566,1.26642,2024-02-22 23:20:00,1.26648,1.26638,1.26638
567,1.2664,2024-02-22 23:25:00,1.26649,1.2664,1.26641
568,1.26642,2024-02-22 23:30:00,1.2665,1.2664,1.26642
569,1.26649,2024-02-22 23:35:00,1.26651,1.26638,1.26642
570,1.26648,2024-02-22 23:40:00,1.26652,1.26645,1.26649
571,1.2663,2024-02-22 23:45:00,1.26651,1.26615,1.26649
572,1.26632,2024-02-22 23:50:00,1.26643,1.26629,1.2663
573,1.26618,2024-02-22 23:55:00,1.26637,1.26618,1.26632
574,1.26639,2024-02-23 00:00:00,1.26639,1.26615,1.26618
575,1.26659,2024-02-23 00:05:00,1.26665,1.26632,1.26639
576,1.26662,2024-02-23 00:10:00,1.26666,1.26656,1.26658
577,1.26647,2024-02-23 00:15:00,1.26664,1.26636,1.26661
578,1.26646,2024-02-23 00:20:00,1.26658,1.26644,1.26648
579,1.26655,2024-02-23 00:25:00,1.26656,1.26646,1.26646
580,1.26653,2024-02-23 00:30:00,1.26663,1.26649,1.26656
581,1.26531,2024-02-23 00:35:00,1.26652,1.26486,1.26652
582,1.26575,2024-02-23 00:40:00,1.26579,1.26519,1.26532
583,1.2654,2024-02-23 00:45:00,1.26577,1.26535,1.26576
584,1.26569,2024-02-23 00:50:00,1.26571,1.26536,1.26541
585,1.26576,2024-02-23 00:55:00,1.26592,1.26568,1.2657
586,1.26618,2024-02-23 01:00:00,1.26624,1.26576,1.26576
587,1.2664,2024-02-23 01:05:00,1.26645,1.26601,1.26618
588,1.26627,2024-02-23 01:10:00,1.26648,1.26622,1.2664
589,1.26619,2024-02-23 01:15:00,1.26631,1.26608,1.26626
590,1.26627,2024-02-23 01:20:00,1.26631,1.26615,1.26618
591,1.26614,2024-02-23 01:25:00,1.26628,1.26605,1.26628
592,1.26614,2024-02-23 01:30:00,1.2663,1.26612,1.26613
593,1.26616,2024-02-23 01:35:00,1.26632,1.26614,1.26614
594,1.26654,2024-02-23 01:40:00,1.26657,1.26608,1.26615
595,1.26652,2024-02-23 01:45:00,1.26664,1.26648,1.26655
596,1.26637,2024-02-23 01:50:00,1.26652,1.26628,1.26652
597,1.26627,2024-02-23 01:55:00,1.26639,1.26604,1.26638
598,1.26626,2024-02-23 02:00:00,1.2663,1.26607,1.26628
599,1.26626,2024-02-23 02:05:00,1.26634,1.26617,1.26627
600,1.26648,2024-02-23 02:10:00,1.26656,1.26625,1.26627
601,1.26646,2024-02-23 02:15:00,1.26658,1.26639,1.26648
602,1.26658,2024-02-23 02:20:00,1.26661,1.26645,1.26646
603,1.26633,2024-02-23 02:25:00,1.26659,1.26628,1.26658
604,1.26622,2024-02-23 02:30:00,1.26634,1.26615,1.26634
605,1.26624,2024-02-23 02:35:00,1.26626,1.26616,1.26624
606,1.26654,2024-02-23 02:40:00,1.26655,1.26623,1.26624
607,1.26654,2024-02-23 02:45:00,1.26656,1.26646,1.26654
608,1.26626,2024-02-23 02:50:00,1.26655,1.26626,1.26654
609,1.26627,2024-02-23 02:55:00,1.2664,1.26619,1.26627
610,1.26612,2024-02-23 03:00:00,1.26628,1.26608,1.26628
611,1.2659,2024-02-23 03:05:00,1.26617,1.26588,1.26612
612,1.26585,2024-02-23 03:10:00,1.26591,1.26578,1.26589
613,1.26588,2024-02-23 03:15:00,1.26588,1.2658,1.26585
614,1.26609,2024-02-23 03:20:00,1.26611,1.26587,1.26588
615,1.26599,2024-02-23 03:25:00,1.26618,1.26596,1.2661
616,1.26608,2024-02-23 03:30:00,1.26608,1.26599,1.26599
617,1.26586,2024-02-23 03:35:00,1.2661,1.2658,1.26608
618,1.26597,2024-02-23 03:40:00,1.26604,1.26581,1.26585
619,1.26605,2024-02-23 03:45:00,1.26608,1.26596,1.26598
620,1.26629,2024-02-23 03:50:00,1.26634,1.26605,1.26605
621,1.26643,2024-02-23 03:55:00,1.26643,1.26619,1.26629
622,1.26649,2024-02-23 04:00:00,1.2665,1.26636,1.26642
623,1.26652,2024-02-23 04:05:00,1.26658,1.26649,1.26649
624,1.2665,2024-02-23 04:10:00,1.26652,1.2664,1.26652
625,1.2666,2024-02-23 04:15:00,1.2666,1.26649,1.2665
626,1.26659,2024-02-23 04:20:00,1.26663,1.26657,1.26659
627,1.2666,2024-02-23 04:25:00,1.2666,1.26656,1.2666
628,1.26658,2024-02-23 04:30:00,1.26662,1.26655,1.2666
629,1.26661,2024-02-23 04:35:00,1.26662,1.26656,1.26659
630,1.26658,2024-02-23 04:40:00,1.26661,1.26656,1.2666
631,1.2666,2024-02-23 04:45:00,1.2666,1.26657,1.26658
632,1.26658,2024-02-23 04:50:00,1.2666,1.2665,1.2666
633,1.26652,2024-02-23 04:55:00,1.26659,1.26651,1.26658
634,1.26648,2024-02-23 05:00:00,1.26656,1.26642,1.26654
635,1.26645,2024-02-23 05:05:00,1.2665,1.26644,1.26648
636,1.26652,2024-02-23 05:10:00,1.26652,1.26644,1.26646
637,1.2665,2024-02-23 05:15:00,1.2666,1.26648,1.26652
638,1.26658,2024-02-23 05:20:00,1.26658,1.26647,1.2665
639,1.2665,2024-02-23 05:25:00,1.26658,1.26646,1.26658
640,1.26651,2024-02-23 05:30:00,1.26657,1.26648,1.2665
641,1.2664,2024-02-23 05:35:00,1.26652,1.26639,1.2665
642,1.2664,2024-02-23 05:40:00,1.26642,1.26638,1.2664
643,1.2663,2024-02-23 05:45:00,1.26642,1.26628,1.2664
644,1.26621,2024-02-23 05:50:00,1.26632,1.26608,1.2663
645,1.26619,2024-02-23 05:55:00,1.26628,1.26618,1.26622
646,1.26632,2024-02-23 06:00:00,1.26634,1.26612,1.2662
647,1.2662,2024-02-23 06:05:00,1.26637,1.26616,1.26632
648,1.26631,2024-02-23 06:10:00,1.26635,1.2662,1.2662
649,1.2663,2024-02-23 06:15:00,1.26636,1.26625,1.26631
650,1.26605,2024-02-23 06:20:00,1.26635,1.26599,1.2663
651,1.26621,2024-02-23 06:25:00,1.26623,1.26596,1.26603
652,1.26619,2024-02-23 06:30:00,1.26629,1.26618,1.26622
653,1.26619,2024-02-23 06:35:00,1.26627,1.26616,1.26618
654,1.26618,2024-02-23 06:40:00,1.26626,1.26616,1.26619
655,1.26616,2024-02-23 06:45:00,1.26624,1.26615,1.26617
656,1.26638,2024-02-23 06:50:00,1.26639,1.26614,1.26618
657,1.26645,2024-02-23 06:55:00,1.2668,1.26638,1.26638
658,1.26654,2024-02-23 07:00:00,1.26658,1.26626,1.26644
659,1.26644,2024-02-23 07:05:00,1.2667,1.26634,1.26654
660,1.26661,2024-02-23 07:10:00,1.26669,1.26616,1.26643
661,1.26658,2024-02-23 07:15:00,1.2667,1.26645,1.26662
662,1.26656,2024-02-23 07:20:00,1.26676,1.26654,1.26658
663,1.26648,2024-02-23 07:25:00,1.26667,1.26635,1.26655
664,1.26637,2024-02-23 07:30:00,1.2666,1.26634,1.26648
665,1.26623,2024-02-23 07:35:00,1.26647,1.26612,1.26636
666,1.26645,2024-02-23 07:40:00,1.2666,1.26616,1.26622
667,1.26666,2024-02-23 07:45:00,1.26668,1.26645,1.26646
668,1.26708,2024-02-23 07:50:00,1.26714,1.26665,1.26667
669,1.26698,2024-02-23 07:55:00,1.26721,1.26678,1.26708
670,1.26748,2024-02-23 08:00:00,1.26766,1.2667,1.26699
671,1.26692,2024-02-23 08:05:00,1.26769,1.26688,1.26749
672,1.26708,2024-02-23 08:10:00,1.26708,1.26674,1.26693
673,1.26723,2024-02-23 08:15:00,1.26724,1.26685,1.26708
674,1.2673,2024-02-23 08:20:00,1.26741,1.26714,1.26722
675,1.26709,2024-02-23 08:25:00,1.26732,1.26685,1.26731
676,1.26698,2024-02-23 08:30:00,1.26739,1.26698,1.2671
677,1.26688,2024-02-23 08:35:00,1.26702,1.26665,1.26698
678,1.26694,2024-02-23 08:40:00,1.26708,1.26688,1.26688
679,1.2667,2024-02-23 08:45:00,1.26695,1.26646,1.26695
680,1.26655,2024-02-23 08:50:00,1.26678,1.26655,1.26668
681,1.2667,2024-02-23 08:55:00,1.26672,1.2664,1.26655
682,1.26632,2024-02-23 09:00:00,1.26672,1.26627,1.26672
683,1.26662,2024-02-23 09:05:00,1.26662,1.26624,1.26632
684,1.26662,2024-02-23 09:10:00,1.26678,1.26647,1.26662
685,1.26642,2024-02-23 09:15:00,1.26669,1.26635,1.26662
686,1.26618,2024-02-23 09:20:00,1.2668,1.26615,1.26642
687,1.26576,2024-02-23 09:25:00,1.26623,1.26568,1.26617
688,1.26544,2024-02-23 09:30:00,1.2659,1.26542,1.26576
689,1.2655,2024-02-23 09:35:00,1.2657,1.26536,1.26545
690,1.26506,2024-02-23 09:40:00,1.2656,1.26503,1.26549
691,1.26557,2024-02-23 09:45:00,1.2656,1.2649,1.26506
692,1.265,2024-02-23 09:50:00,1.26557,1.26492,1.26557
693,1.26563,2024-02-23 09:55:00,1.26572,1.26498,1.26499
694,1.26614,2024-02-23 10:00:00,1.26615,1.26562,1.26564
695,1.26591,2024-02-23 10:05:00,1.2663,1.26586,1.26614
696,1.2662,2024-02-23 10:10:00,1.26626,1.26586,1.26591
697,1.26622,2024-02-23 10:15:00,1.2663,1.26605,1.26619
698,1.2664,2024-02-23 10:20:00,1.26648,1.26618,1.26622
699,1.26659,2024-02-23 10:25:00,1.26661,1.26634,1.2664
700,1.2667,2024-02-23 10:30:00,1.26699,1.26652,1.2666
701,1.26645,2024-02-23 10:35:00,1.26675,1.26641,1.26669
702,1.26642,2024-02-23 10:40:00,1.26667,1.26641,1.26644
703,1.26688,2024-02-23 10:45:00,1.26693,1.2664,1.26642
704,1.26732,2024-02-23 10:50:00,1.26735,1.26685,1.26688
705,1.26738,2024-02-23 10:55:00,1.26757,1.26717,1.26732
706,1.2673,2024-02-23 11:00:00,1.26759,1.26726,1.26737
707,1.26748,2024-02-23 11:05:00,1.26748,1.26725,1.2673
708,1.26776,2024-02-23 11:10:00,1.26787,1.26746,1.2675
709,1.26808,2024-02-23 11:15:00,1.26844,1.26773,1.26778
710,1.26831,2024-02-23 11:20:00,1.26847,1.26805,1.26809
711,1.26815,2024-02-23 11:25:00,1.26831,1.26809,1.26831
712,1.26809,2024-02-23 11:30:00,1.26824,1.26794,1.26816
713,1.26796,2024-02-23 11:35:00,1.26811,1.26773,1.26809
714,1.26835,2024-02-23 11:40:00,1.26835,1.26796,1.26796
715,1.26808,2024-02-23 11:45:00,1.26849,1.26807,1.26835
716,1.26817,2024-02-23 11:50:00,1.26837,1.26792,1.26807
717,1.26806,2024-02-23 11:55:00,1.2682,1.2679,1.26815
718,1.26821,2024-02-23 12:00:00,1.26834,1.268,1.26806
719,1.26809,2024-02-23 12:05:00,1.26821,1.26796,1.26821
720,1.26819,2024-02-23 12:10:00,1.26826,1.26804,1.2681
721,1.26831,2024-02-23 12:15:00,1.26836,1.26806,1.26819
722,1.26875,2024-02-23 12:20:00,1.2688,1.26829,1.26831
723,1.26904,2024-02-23 12:25:00,1.26919,1.26866,1.26875
724,1.26969,2024-02-23 12:30:00,1.2697,1.26904,1.26904
725,1.26961,2024-02-23 12:35:00,1.26976,1.26944,1.26968
726,1.26956,2024-02-23 12:40:00,1.26992,1.26944,1.2696
727,1.26985,2024-02-23 12:45:00,1.26985,1.2695,1.26956
728,1.26983,2024-02-23 12:50:00,1.27002,1.26978,1.26985
729,1.26993,2024-02-23 12:55:00,1.27015,1.2698,1.26982
730,1.26932,2024-02-23 13:00:00,1.26994,1.26915,1.26994
731,1.2695,2024-02-23 13:05:00,1.2695,1.26902,1.26932
732,1.26956,2024-02-23 13:10:00,1.26965,1.26943,1.2695
733,1.26959,2024-02-23 13:15:00,1.26976,1.26936,1.26956
734,1.26916,2024-02-23 13:20:00,1.26962,1.26916,1.2696
735,1.26895,2024-02-23 13:25:00,1.2694,1.26885,1.26916
736,1.2686,2024-02-23 13:30:00,1.26896,1.26856,1.26894
737,1.26891,2024-02-23 13:35:00,1.26895,1.26823,1.2686
738,1.26873,2024-02-23 13:40:00,1.26904,1.26858,1.26892
739,1.26895,2024-02-23 13:45:00,1.26902,1.26873,1.26873
740,1.26904,2024-02-23 13:50:00,1.26932,1.26878,1.26896
741,1.26936,2024-02-23 13:55:00,1.2694,1.2689,1.26904
742,1.26899,2024-02-23 14:00:00,1.26962,1.26892,1.26936
743,1.26859,2024-02-23 14:05:00,1.269,1.26857,1.269
744,1.26839,2024-02-23 14:10:00,1.26867,1.26834,1.26859
745,1.26866,2024-02-23 14:15:00,1.26868,1.26836,1.26838
746,1.26909,2024-02-23 14:20:00,1.26919,1.26866,1.26866
747,1.2692,2024-02-23 14:25:00,1.26938,1.26904,1.2691
748,1.26973,2024-02-23 14:30:00,1.27002,1.26918,1.26919
749,1.26927,2024-02-23 14:35:00,1.26979,1.26925,1.26974
750,1.26928,2024-02-23 14:40:00,1.26939,1.26917,1.26926
751,1.26935,2024-02-23 14:45:00,1.2694,1.26912,1.26928
752,1.26923,2024-02-23 14:50:00,1.26936,1.26888,1.26935
753,1.26904,2024-02-23 14:55:00,1.26937,1.26894,1.26924
754,1.2688,2024-02-23 15:00:00,1.26907,1.2687,1.26903
755,1.26845,2024-02-23 15:05:00,1.26893,1.26824,1.2688
756,1.26827,2024-02-23 15:10:00,1.26858,1.26792,1.26845
757,1.26821,2024-02-23 15:15:00,1.26834,1.26798,1.26826
758,1.26829,2024-02-23 15:20:00,1.2684,1.268,1.26821
759,1.26786,2024-02-23 15:25:00,1.26831,1.26774,1.26829
760,1.26747,2024-02-23 15:30:00,1.26805,1.26744,1.26786
761,1.26749,2024-02-23 15:35:00,1.26753,1.26725,1.26747
762,1.26712,2024-02-23 15:40:00,1.26772,1.2671,1.26748
763,1.26685,2024-02-23 15:45:00,1.26713,1.26682,1.26712
764,1.26752,2024-02-23 15:50:00,1.26752,1.26673,1.26684
765,1.26775,2024-02-23 15:55:00,1.26786,1.2675,1.2675
766,1.26759,2024-02-23 16:00:00,1.26788,1.26748,1.26776
767,1.26722,2024-02-23 16:05:00,1.26762,1.26699,1.26758
768,1.26666,2024-02-23 16:10:00,1.26723,1.26656,1.26723
769,1.26674,2024-02-23 16:15:00,1.26698,1.2666,1.26666
770,1.26701,2024-02-23 16:20:00,1.2671,1.26668,1.26674
771,1.2673,2024-02-23 16:25:00,1.26736,1.2669,1.267
772,1.26742,2024-02-23 16:30:00,1.26752,1.26723,1.2673
773,1.26747,2024-02-23 16:35:00,1.26756,1.26726,1.26742
774,1.26747,2024-02-23 16:40:00,1.26778,1.26746,1.26747
775,1.26762,2024-02-23 16:45:00,1.26765,1.26736,1.26747
776,1.26785,2024-02-23 16:50:00,1.26795,1.26757,1.26762
777,1.26766,2024-02-23 16:55:00,1.26802,1.26759,1.26785
778,1.26771,2024-02-23 17:00:00,1.26771,1.26764,1.26764
