,close,date,high,low,open
0,1.26836,2024-02-27 00:00:00,1.26852,1.26836,1.26844
1,1.26818,2024-02-27 00:05:00,1.26836,1.26812,1.26835
2,1.26825,2024-02-27 00:10:00,1.26842,1.26813,1.26817
3,1.26828,2024-02-27 00:15:00,1.26832,1.26806,1.26824
4,1.26823,2024-02-27 00:20:00,1.26843,1.26822,1.26828
5,1.26842,2024-02-27 00:25:00,1.26843,1.26822,1.26822
6,1.26832,2024-02-27 00:30:00,1.26842,1.26832,1.26842
7,1.26824,2024-02-27 00:35:00,1.26838,1.26823,1.26831
8,1.2679,2024-02-27 00:40:00,1.26824,1.2679,1.26824
9,1.26792,2024-02-27 00:45:00,1.26806,1.2679,1.26791
10,1.2679,2024-02-27 00:50:00,1.26798,1.26776,1.26793
11,1.2679,2024-02-27 00:55:00,1.26802,1.26781,1.26792
12,1.26801,2024-02-27 01:00:00,1.26805,1.26786,1.2679
13,1.26794,2024-02-27 01:05:00,1.26802,1.2678,1.26802
14,1.2678,2024-02-27 01:10:00,1.268,1.26767,1.26793
15,1.26774,2024-02-27 01:15:00,1.2678,1.26768,1.2678
16,1.26754,2024-02-27 01:20:00,1.26775,1.26752,1.26774
17,1.2677,2024-02-27 01:25:00,1.26772,1.26752,1.26754
18,1.26788,2024-02-27 01:30:00,1.268,1.26766,1.26771
19,1.2677,2024-02-27 01:35:00,1.26788,1.2677,1.26788
20,1.26788,2024-02-27 01:40:00,1.26788,1.26765,1.26771
21,1.26778,2024-02-27 01:45:00,1.26792,1.26776,1.26788
22,1.26781,2024-02-27 01:50:00,1.2679,1.26766,1.26778
23,1.2679,2024-02-27 01:55:00,1.268,1.26776,1.26781
24,1.26819,2024-02-27 02:00:00,1.26819,1.26789,1.26789
25,1.26822,2024-02-27 02:05:00,1.26825,1.26808,1.26818
26,1.26822,2024-02-27 02:10:00,1.26827,1.26817,1.26822
27,1.26815,2024-02-27 02:15:00,1.26825,1.26798,1.26823
28,1.26801,2024-02-27 02:20:00,1.26816,1.26794,1.26815
29,1.26791,2024-02-27 02:25:00,1.26802,1.2677,1.26802
30,1.2679,2024-02-27 02:30:00,1.26798,1.26786,1.2679
31,1.2679,2024-02-27 02:35:00,1.268,1.26787,1.2679
32,1.26779,2024-02-27 02:40:00,1.2679,1.2677,1.26789
33,1.26775,2024-02-27 02:45:00,1.2678,1.2677,1.26779
34,1.26781,2024-02-27 02:50:00,1.26786,1.2677,1.26775
35,1.26775,2024-02-27 02:55:00,1.26781,1.2677,1.26781
36,1.26793,2024-02-27 03:00:00,1.26796,1.26746,1.26774
37,1.26772,2024-02-27 03:05:00,1.26798,1.26772,1.26794
38,1.26765,2024-02-27 03:10:00,1.26778,1.26764,1.26773
39,1.26783,2024-02-27 03:15:00,1.26788,1.26762,1.26764
40,1.26793,2024-02-27 03:20:00,1.26803,1.26782,1.26784
41,1.26789,2024-02-27 03:25:00,1.26799,1.26786,1.26792
42,1.26791,2024-02-27 03:30:00,1.26803,1.26785,1.26788
43,1.26794,2024-02-27 03:35:00,1.26798,1.26787,1.2679
44,1.26793,2024-02-27 03:40:00,1.26796,1.26788,1.26791
45,1.26791,2024-02-27 03:45:00,1.26801,1.26779,1.26794
46,1.26794,2024-02-27 03:50:00,1.26795,1.26787,1.26789
47,1.26802,2024-02-27 03:55:00,1.26804,1.2679,1.26793
48,1.26809,2024-02-27 04:00:00,1.26823,1.26801,1.26802
49,1.26821,2024-02-27 04:05:00,1.26823,1.26808,1.26808
50,1.26815,2024-02-27 04:10:00,1.26822,1.26806,1.26821
51,1.26821,2024-02-27 04:15:00,1.26831,1.26808,1.26815
52,1.26813,2024-02-27 04:20:00,1.26825,1.26811,1.26822
53,1.26825,2024-02-27 04:25:00,1.26828,1.26809,1.26812
54,1.26826,2024-02-27 04:30:00,1.26834,1.2682,1.26824
55,1.26834,2024-02-27 04:35:00,1.26835,1.26824,1.26828
56,1.26836,2024-02-27 04:40:00,1.2684,1.26822,1.26834
57,1.26826,2024-02-27 04:45:00,1.26843,1.26818,1.26835
58,1.26826,2024-02-27 04:50:00,1.26831,1.26819,1.26825
59,1.2685,2024-02-27 04:55:00,1.26857,1.2682,1.26827
60,1.2685,2024-02-27 05:00:00,1.26874,1.26846,1.2685
61,1.26851,2024-02-27 05:05:00,1.26855,1.26842,1.2685
62,1.26854,2024-02-27 05:10:00,1.26859,1.26846,1.26852
63,1.26851,2024-02-27 05:15:00,1.26854,1.26844,1.26853
64,1.2683,2024-02-27 05:20:00,1.26852,1.26828,1.26852
65,1.26814,2024-02-27 05:25:00,1.2683,1.268,1.2683
66,1.2682,2024-02-27 05:30:00,1.26822,1.26811,1.26813
67,1.26811,2024-02-27 05:35:00,1.26821,1.26807,1.26821
68,1.26791,2024-02-27 05:40:00,1.2681,1.2678,1.2681
69,1.26789,2024-02-27 05:45:00,1.26794,1.2678,1.26791
70,1.26796,2024-02-27 05:50:00,1.26796,1.2678,1.2679
71,1.26803,2024-02-27 05:55:00,1.26814,1.26791,1.26796
72,1.2681,2024-02-27 06:00:00,1.26811,1.2679,1.26804
73,1.2681,2024-02-27 06:05:00,1.2682,1.26806,1.2681
74,1.268,2024-02-27 06:10:00,1.26822,1.26798,1.2681
75,1.26798,2024-02-27 06:15:00,1.26804,1.26791,1.26801
76,1.26791,2024-02-27 06:20:00,1.26802,1.26788,1.26799
77,1.268,2024-02-27 06:25:00,1.26802,1.26781,1.26792
78,1.2683,2024-02-27 06:30:00,1.26838,1.26797,1.26799
79,1.26824,2024-02-27 06:35:00,1.26836,1.2682,1.26831
80,1.26802,2024-02-27 06:40:00,1.26825,1.26791,1.26824
81,1.26803,2024-02-27 06:45:00,1.26834,1.268,1.26802
82,1.26794,2024-02-27 06:50:00,1.26805,1.26791,1.26802
83,1.26811,2024-02-27 06:55:00,1.26811,1.26785,1.26794
84,1.26839,2024-02-27 07:00:00,1.2686,1.26809,1.26811
85,1.26838,2024-02-27 07:05:00,1.26841,1.26816,1.26839
86,1.26886,2024-02-27 07:10:00,1.26887,1.26831,1.26838
87,1.26883,2024-02-27 07:15:00,1.26892,1.26862,1.26887
88,1.26931,2024-02-27 07:20:00,1.26934,1.26881,1.26884
89,1.26934,2024-02-27 07:25:00,1.2695,1.2692,1.2693
90,1.26924,2024-02-27 07:30:00,1.26954,1.26921,1.26934
91,1.26911,2024-02-27 07:35:00,1.2694,1.26908,1.26923
92,1.26892,2024-02-27 07:40:00,1.26918,1.26887,1.26912
93,1.26893,2024-02-27 07:45:00,1.26905,1.2688,1.26891
94,1.26905,2024-02-27 07:50:00,1.26932,1.26891,1.26892
95,1.26908,2024-02-27 07:55:00,1.26923,1.26896,1.26905
96,1.26874,2024-02-27 08:00:00,1.26907,1.26868,1.26907
97,1.26874,2024-02-27 08:05:00,1.26884,1.26858,1.26874
98,1.26902,2024-02-27 08:10:00,1.26916,1.26871,1.26875
99,1.2691,2024-02-27 08:15:00,1.26917,1.26898,1.26901
100,1.26908,2024-02-27 08:20:00,1.26924,1.26904,1.26911
101,1.26898,2024-02-27 08:25:00,1.26921,1.26887,1.26908
102,1.26894,2024-02-27 08:30:00,1.26902,1.26868,1.26898
103,1.26918,2024-02-27 08:35:00,1.26945,1.2689,1.26894
104,1.26933,2024-02-27 08:40:00,1.2695,1.26917,1.26918
105,1.26952,2024-02-27 08:45:00,1.26971,1.26929,1.26934
106,1.26899,2024-02-27 08:50:00,1.26952,1.26888,1.26952
107,1.26898,2024-02-27 08:55:00,1.26906,1.2686,1.26898
108,1.26952,2024-02-27 09:00:00,1.26954,1.26894,1.26898
109,1.26887,2024-02-27 09:05:00,1.26954,1.26881,1.26952
110,1.26899,2024-02-27 09:10:00,1.26912,1.26884,1.26886
111,1.26855,2024-02-27 09:15:00,1.269,1.26852,1.269
112,1.26868,2024-02-27 09:20:00,1.26893,1.26854,1.26855
113,1.26838,2024-02-27 09:25:00,1.26871,1.26832,1.26868
114,1.26845,2024-02-27 09:30:00,1.26849,1.26815,1.26838
115,1.26833,2024-02-27 09:35:00,1.2686,1.26829,1.26846
116,1.26852,2024-02-27 09:40:00,1.2686,1.26814,1.26832
117,1.26839,2024-02-27 09:45:00,1.26856,1.26824,1.26852
118,1.26903,2024-02-27 09:50:00,1.26912,1.26826,1.2684
119,1.26894,2024-02-27 09:55:00,1.26913,1.26881,1.26902
120,1.26806,2024-02-27 10:00:00,1.26894,1.26796,1.26894
121,1.26779,2024-02-27 10:05:00,1.26817,1.26764,1.26806
122,1.26751,2024-02-27 10:10:00,1.26783,1.26744,1.2678
123,1.26762,2024-02-27 10:15:00,1.26768,1.26729,1.26752
124,1.26736,2024-02-27 10:20:00,1.26772,1.26728,1.26762
125,1.26747,2024-02-27 10:25:00,1.26756,1.26718,1.26735
126,1.26788,2024-02-27 10:30:00,1.26796,1.26744,1.26746
127,1.26798,2024-02-27 10:35:00,1.26813,1.26782,1.26788
128,1.26821,2024-02-27 10:40:00,1.26825,1.26789,1.26797
129,1.2681,2024-02-27 10:45:00,1.26834,1.26807,1.26821
130,1.26821,2024-02-27 10:50:00,1.26834,1.2681,1.2681
131,1.2683,2024-02-27 10:55:00,1.26854,1.2682,1.26821
132,1.26788,2024-02-27 11:00:00,1.26832,1.26778,1.2683
133,1.26827,2024-02-27 11:05:00,1.26828,1.26759,1.26788
134,1.26849,2024-02-27 11:10:00,1.26853,1.26826,1.26826
135,1.26872,2024-02-27 11:15:00,1.26881,1.26848,1.26849
136,1.26862,2024-02-27 11:20:00,1.26872,1.2685,1.26872
137,1.26864,2024-02-27 11:25:00,1.2688,1.26845,1.26862
138,1.26872,2024-02-27 11:30:00,1.26883,1.26862,1.26864
139,1.26882,2024-02-27 11:35:00,1.26883,1.26864,1.26873
140,1.2689,2024-02-27 11:40:00,1.26896,1.2687,1.2688
141,1.26878,2024-02-27 11:45:00,1.26893,1.26866,1.2689
142,1.26878,2024-02-27 11:50:00,1.2688,1.26847,1.26878
143,1.26872,2024-02-27 11:55:00,1.2688,1.26842,1.26879
144,1.26901,2024-02-27 12:00:00,1.26904,1.26872,1.26872
145,1.2692,2024-02-27 12:05:00,1.2695,1.269,1.26902
146,1.26939,2024-02-27 12:10:00,1.26941,1.26912,1.2692
147,1.26942,2024-02-27 12:15:00,1.26947,1.26928,1.2694
148,1.26925,2024-02-27 12:20:00,1.26946,1.26908,1.26942
149,1.2689,2024-02-27 12:25:00,1.2694,1.26888,1.26926
150,1.26906,2024-02-27 12:30:00,1.26912,1.2688,1.2689
151,1.26837,2024-02-27 12:35:00,1.26916,1.26834,1.26907
152,1.26794,2024-02-27 12:40:00,1.2684,1.2679,1.26836
153,1.26821,2024-02-27 12:45:00,1.26821,1.26765,1.26794
154,1.26808,2024-02-27 12:50:00,1.26855,1.2679,1.26822
155,1.26806,2024-02-27 12:55:00,1.26816,1.26788,1.26809
156,1.26788,2024-02-27 13:00:00,1.26813,1.26778,1.26806
157,1.26792,2024-02-27 13:05:00,1.268,1.26759,1.26787
158,1.26815,2024-02-27 13:10:00,1.2682,1.26773,1.26792
159,1.26779,2024-02-27 13:15:00,1.2682,1.26772,1.26816
160,1.2678,2024-02-27 13:20:00,1.26807,1.2677,1.26776
161,1.26792,2024-02-27 13:25:00,1.26811,1.26776,1.26779
162,1.26834,2024-02-27 13:30:00,1.26869,1.26797,1.26797
163,1.26768,2024-02-27 13:35:00,1.26833,1.26754,1.26833
164,1.26752,2024-02-27 13:40:00,1.26773,1.26712,1.26768
165,1.2681,2024-02-27 13:45:00,1.26815,1.26741,1.26752
166,1.26799,2024-02-27 13:50:00,1.26842,1.26794,1.2681
167,1.26821,2024-02-27 13:55:00,1.26833,1.2679,1.26798
168,1.26822,2024-02-27 14:00:00,1.26844,1.26811,1.2682
169,1.26832,2024-02-27 14:05:00,1.26856,1.26811,1.26822
170,1.26752,2024-02-27 14:10:00,1.2684,1.26752,1.26831
171,1.26794,2024-02-27 14:15:00,1.26801,1.26749,1.26753
172,1.26777,2024-02-27 14:20:00,1.26812,1.26775,1.26793
173,1.26783,2024-02-27 14:25:00,1.26785,1.26739,1.26776
174,1.26772,2024-02-27 14:30:00,1.26795,1.26764,1.26781
175,1.26742,2024-02-27 14:35:00,1.26806,1.26742,1.2677
176,1.26757,2024-02-27 14:40:00,1.2676,1.26722,1.26743
177,1.26732,2024-02-27 14:45:00,1.2676,1.26718,1.26758
178,1.26683,2024-02-27 14:50:00,1.26744,1.26674,1.26731
179,1.26714,2024-02-27 14:55:00,1.26737,1.2667,1.26684
180,1.26728,2024-02-27 15:00:00,1.26803,1.2669,1.26716
181,1.2673,2024-02-27 15:05:00,1.26752,1.26663,1.26727
182,1.26712,2024-02-27 15:10:00,1.26751,1.26709,1.26731
183,1.26741,2024-02-27 15:15:00,1.26742,1.26705,1.26711
184,1.26745,2024-02-27 15:20:00,1.2676,1.2673,1.26742
185,1.26714,2024-02-27 15:25:00,1.2675,1.26714,1.26744
186,1.26643,2024-02-27 15:30:00,1.26717,1.2664,1.26714
187,1.26609,2024-02-27 15:35:00,1.2666,1.26606,1.26642
188,1.26641,2024-02-27 15:40:00,1.26661,1.26605,1.26608
189,1.26802,2024-02-27 15:45:00,1.26807,1.26633,1.2664
190,1.26848,2024-02-27 15:50:00,1.26883,1.26768,1.26801
191,1.26827,2024-02-27 15:55:00,1.26874,1.2681,1.26848
192,1.26821,2024-02-27 16:00:00,1.26857,1.26815,1.26828
193,1.26848,2024-02-27 16:05:00,1.26896,1.26819,1.26822
194,1.2691,2024-02-27 16:10:00,1.26912,1.26837,1.26848
195,1.26911,2024-02-27 16:15:00,1.26922,1.26891,1.2691
196,1.2691,2024-02-27 16:20:00,1.26926,1.2688,1.26912
197,1.2689,2024-02-27 16:25:00,1.2694,1.2689,1.26911
198,1.26846,2024-02-27 16:30:00,1.26898,1.26839,1.2689
199,1.26876,2024-02-27 16:35:00,1.26881,1.26826,1.26846
200,1.26878,2024-02-27 16:40:00,1.2688,1.26859,1.26876
201,1.26944,2024-02-27 16:45:00,1.2695,1.26878,1.26878
202,1.26916,2024-02-27 16:50:00,1.26952,1.2691,1.26945
203,1.2691,2024-02-27 16:55:00,1.2692,1.26898,1.26916
204,1.26862,2024-02-27 17:00:00,1.26915,1.26853,1.2691
205,1.26878,2024-02-27 17:05:00,1.26885,1.26856,1.26863
206,1.26851,2024-02-27 17:10:00,1.2688,1.26837,1.26879
207,1.26853,2024-02-27 17:15:00,1.26853,1.2682,1.2685
208,1.26853,2024-02-27 17:20:00,1.26873,1.26842,1.26852
209,1.26859,2024-02-27 17:25:00,1.26875,1.26849,1.26852
210,1.26879,2024-02-27 17:30:00,1.26883,1.26847,1.2686
211,1.26874,2024-02-27 17:35:00,1.26919,1.26871,1.2688
212,1.26878,2024-02-27 17:40:00,1.26894,1.26866,1.26874
213,1.26901,2024-02-27 17:45:00,1.26901,1.26877,1.26877
214,1.26892,2024-02-27 17:50:00,1.26913,1.26881,1.26902
215,1.26856,2024-02-27 17:55:00,1.26893,1.2684,1.26893
216,1.2688,2024-02-27 18:00:00,1.26898,1.26838,1.26855
217,1.269,2024-02-27 18:05:00,1.2691,1.2688,1.2688
218,1.26913,2024-02-27 18:10:00,1.26918,1.26896,1.26901
219,1.26919,2024-02-27 18:15:00,1.26928,1.2689,1.26914
220,1.26908,2024-02-27 18:20:00,1.26944,1.26897,1.2692
221,1.26879,2024-02-27 18:25:00,1.2691,1.26872,1.26908
222,1.26878,2024-02-27 18:30:00,1.26884,1.26855,1.2688
223,1.26904,2024-02-27 18:35:00,1.26912,1.26878,1.26878
224,1.2689,2024-02-27 18:40:00,1.26914,1.26888,1.26904
225,1.26898,2024-02-27 18:45:00,1.26914,1.2686,1.2689
226,1.26877,2024-02-27 18:50:00,1.26902,1.26872,1.269
227,1.26852,2024-02-27 18:55:00,1.26878,1.26848,1.26878
228,1.26838,2024-02-27 19:00:00,1.26852,1.26829,1.26852
229,1.2684,2024-02-27 19:05:00,1.26845,1.26829,1.26838
230,1.2683,2024-02-27 19:10:00,1.26842,1.26828,1.2684
231,1.2683,2024-02-27 19:15:00,1.26843,1.26827,1.2683
232,1.268,2024-02-27 19:20:00,1.2683,1.26786,1.2683
233,1.26812,2024-02-27 19:25:00,1.26815,1.26789,1.268
234,1.26815,2024-02-27 19:30:00,1.26821,1.26789,1.26811
235,1.268,2024-02-27 19:35:00,1.26818,1.268,1.26815
236,1.2681,2024-02-27 19:40:00,1.26813,1.26796,1.26801
237,1.26791,2024-02-27 19:45:00,1.2681,1.26787,1.2681
238,1.26787,2024-02-27 19:50:00,1.26798,1.26785,1.26791
239,1.268,2024-02-27 19:55:00,1.2681,1.26786,1.26786
240,1.26792,2024-02-27 20:00:00,1.268,1.2678,1.26799
241,1.26793,2024-02-27 20:05:00,1.26794,1.26785,1.26793
242,1.26799,2024-02-27 20:10:00,1.26806,1.2679,1.26792
243,1.26808,2024-02-27 20:15:00,1.26815,1.26791,1.26799
244,1.2683,2024-02-27 20:20:00,1.26833,1.268,1.26807
245,1.26829,2024-02-27 20:25:00,1.26834,1.26821,1.26831
246,1.26827,2024-02-27 20:30:00,1.26834,1.26819,1.26829
247,1.2684,2024-02-27 20:35:00,1.26844,1.26824,1.26826
248,1.26851,2024-02-27 20:40:00,1.26854,1.26837,1.2684
249,1.26834,2024-02-27 20:45:00,1.26854,1.26828,1.2685
250,1.26821,2024-02-27 20:50:00,1.26844,1.26809,1.26836
251,1.26808,2024-02-27 20:55:00,1.26822,1.26806,1.2682
252,1.26825,2024-02-27 21:00:00,1.26828,1.26807,1.26808
253,1.26834,2024-02-27 21:05:00,1.26835,1.26818,1.26824
254,1.26849,2024-02-27 21:10:00,1.26853,1.26832,1.26834
255,1.2685,2024-02-27 21:15:00,1.26854,1.26848,1.26849
256,1.26852,2024-02-27 21:20:00,1.26858,1.2685,1.2685
257,1.26847,2024-02-27 21:25:00,1.26853,1.26846,1.26852
258,1.26849,2024-02-27 21:30:00,1.26851,1.26842,1.26848
259,1.26852,2024-02-27 21:35:00,1.26854,1.26845,1.26849
260,1.26859,2024-02-27 21:40:00,1.26864,1.26853,1.26853
261,1.26859,2024-02-27 21:45:00,1.2686,1.26856,1.26859
262,1.2686,2024-02-27 21:50:00,1.26866,1.26856,1.26859
263,1.26852,2024-02-27 21:55:00,1.26863,1.26852,1.26861
264,1.26886,2024-02-27 22:05:00,1.26888,1.26856,1.26866
265,1.2687,2024-02-27 22:10:00,1.26888,1.26851,1.26851
266,1.26871,2024-02-27 22:15:00,1.26871,1.26866,1.26866
267,1.2686,2024-02-27 22:20:00,1.26874,1.26859,1.26874
268,1.26854,2024-02-27 22:25:00,1.2686,1.26854,1.2686
269,1.26862,2024-02-27 22:30:00,1.26868,1.2684,1.26854
270,1.26864,2024-02-27 22:35:00,1.2687,1.26844,1.26862
271,1.26866,2024-02-27 22:40:00,1.26868,1.2686,1.26864
272,1.26862,2024-02-27 22:45:00,1.2687,1.2686,1.26865
273,1.26868,2024-02-27 22:50:00,1.26881,1.2685,1.26862
274,1.26862,2024-02-27 22:55:00,1.26875,1.2685,1.26866
275,1.26854,2024-02-27 23:00:00,1.26865,1.26849,1.26859
276,1.2685,2024-02-27 23:05:00,1.26855,1.26845,1.26854
277,1.26853,2024-02-27 23:10:00,1.26853,1.2684,1.2685
278,1.26854,2024-02-27 23:15:00,1.26855,1.26843,1.26854
279,1.26844,2024-02-27 23:20:00,1.26855,1.26842,1.26854
280,1.26844,2024-02-27 23:25:00,1.26847,1.26836,1.26844
281,1.26828,2024-02-27 23:30:00,1.26846,1.26826,1.26845
282,1.26827,2024-02-27 23:35:00,1.26832,1.26825,1.26827
283,1.26825,2024-02-27 23:40:00,1.26828,1.26823,1.26826
284,1.26817,2024-02-27 23:45:00,1.26827,1.26803,1.26824
285,1.26813,2024-02-27 23:50:00,1.26818,1.26813,1.26816
286,1.26806,2024-02-27 23:55:00,1.26815,1.26805,1.26812
287,1.2679,2024-02-28 00:00:00,1.26817,1.2679,1.26806
288,1.26802,2024-02-28 00:05:00,1.26802,1.26769,1.2679
289,1.2679,2024-02-28 00:10:00,1.26801,1.26788,1.26801
290,1.26788,2024-02-28 00:15:00,1.26802,1.26788,1.2679
291,1.26802,2024-02-28 00:20:00,1.26809,1.26786,1.26789
292,1.26795,2024-02-28 00:25:00,1.26809,1.26791,1.26802
293,1.26792,2024-02-28 00:30:00,1.26797,1.26762,1.26796
294,1.26796,2024-02-28 00:35:00,1.268,1.26784,1.26793
295,1.26814,2024-02-28 00:40:00,1.26817,1.26792,1.26795
296,1.26814,2024-02-28 00:45:00,1.26821,1.26809,1.26813
297,1.26806,2024-02-28 00:50:00,1.26816,1.26796,1.26815
298,1.26831,2024-02-28 00:55:00,1.26843,1.26805,1.26805
299,1.2679,2024-02-28 01:00:00,1.2683,1.2677,1.2683
300,1.26773,2024-02-28 01:05:00,1.26795,1.26764,1.2679
301,1.26763,2024-02-28 01:10:00,1.26774,1.26755,1.26772
302,1.26784,2024-02-28 01:15:00,1.26794,1.26762,1.26764
303,1.26788,2024-02-28 01:20:00,1.268,1.26778,1.26783
304,1.26772,2024-02-28 01:25:00,1.26787,1.2677,1.26787
305,1.2676,2024-02-28 01:30:00,1.26789,1.2676,1.26771
306,1.26741,2024-02-28 01:35:00,1.26762,1.26726,1.26759
307,1.26762,2024-02-28 01:40:00,1.26768,1.26737,1.26742
308,1.2676,2024-02-28 01:45:00,1.2677,1.26752,1.26762
309,1.2676,2024-02-28 01:50:00,1.2677,1.26752,1.2676
310,1.26765,2024-02-28 01:55:00,1.26772,1.26755,1.2676
311,1.2676,2024-02-28 02:00:00,1.26781,1.26755,1.26764
312,1.26738,2024-02-28 02:05:00,1.2676,1.26722,1.2676
313,1.26737,2024-02-28 02:10:00,1.26747,1.26722,1.26736
314,1.26724,2024-02-28 02:15:00,1.2674,1.26722,1.26736
315,1.26734,2024-02-28 02:20:00,1.26753,1.26714,1.26723
316,1.2673,2024-02-28 02:25:00,1.26742,1.26728,1.26734
317,1.26732,2024-02-28 02:30:00,1.26738,1.26724,1.26729
318,1.26712,2024-02-28 02:35:00,1.26734,1.26712,1.26732
319,1.26706,2024-02-28 02:40:00,1.26714,1.26705,1.26712
320,1.26706,2024-02-28 02:45:00,1.26714,1.26704,1.26705
321,1.2671,2024-02-28 02:50:00,1.26722,1.26694,1.26705
322,1.26709,2024-02-28 02:55:00,1.26714,1.26696,1.2671
323,1.2671,2024-02-28 03:00:00,1.26714,1.26706,1.26708
324,1.267,2024-02-28 03:05:00,1.26712,1.26694,1.26708
325,1.26698,2024-02-28 03:10:00,1.26704,1.26695,1.26701
326,1.2668,2024-02-28 03:15:00,1.26698,1.26664,1.26698
327,1.26693,2024-02-28 03:20:00,1.26695,1.2668,1.2668
328,1.26686,2024-02-28 03:25:00,1.26698,1.2668,1.26693
329,1.26691,2024-02-28 03:30:00,1.26708,1.26683,1.26685
330,1.26684,2024-02-28 03:35:00,1.26694,1.2668,1.2669
331,1.26669,2024-02-28 03:40:00,1.26688,1.26667,1.26683
332,1.26665,2024-02-28 03:45:00,1.26679,1.26664,1.26668
333,1.2667,2024-02-28 03:50:00,1.26676,1.26662,1.26664
334,1.26685,2024-02-28 03:55:00,1.26695,1.26669,1.26669
335,1.2668,2024-02-28 04:00:00,1.26698,1.2668,1.26685
336,1.2666,2024-02-28 04:05:00,1.26682,1.2666,1.26681
337,1.26655,2024-02-28 04:10:00,1.2667,1.26654,1.2666
338,1.26649,2024-02-28 04:15:00,1.2666,1.26643,1.26654
339,1.26664,2024-02-28 04:20:00,1.26666,1.26649,1.26649
340,1.26673,2024-02-28 04:25:00,1.26676,1.26664,1.26665
341,1.26658,2024-02-28 04:30:00,1.26675,1.26657,1.26673
342,1.26658,2024-02-28 04:35:00,1.26661,1.26651,1.26656
343,1.26654,2024-02-28 04:40:00,1.26662,1.26652,1.2666
344,1.26658,2024-02-28 04:45:00,1.26664,1.26652,1.26654
345,1.26655,2024-02-28 04:50:00,1.26659,1.26649,1.26658
346,1.26663,2024-02-28 04:55:00,1.26667,1.26647,1.26655
347,1.26657,2024-02-28 05:00:00,1.26665,1.26654,1.26662
348,1.26653,2024-02-28 05:05:00,1.26665,1.26644,1.26656
349,1.26654,2024-02-28 05:10:00,1.2667,1.2665,1.26652
350,1.26664,2024-02-28 05:15:00,1.26664,1.2665,1.26654
351,1.26634,2024-02-28 05:20:00,1.26666,1.26633,1.26664
352,1.2662,2024-02-28 05:25:00,1.26634,1.26618,1.26634
353,1.26601,2024-02-28 05:30:00,1.26619,1.266,1.26619
354,1.26605,2024-02-28 05:35:00,1.2661,1.26597,1.26601
355,1.26594,2024-02-28 05:40:00,1.26609,1.26594,1.26604
356,1.26589,2024-02-28 05:45:00,1.26596,1.26578,1.26594
357,1.2658,2024-02-28 05:50:00,1.26588,1.26576,1.26588
358,1.26596,2024-02-28 05:55:00,1.266,1.26575,1.26578
359,1.26615,2024-02-28 06:00:00,1.26615,1.26594,1.26596
360,1.26614,2024-02-28 06:05:00,1.26625,1.26606,1.26614
361,1.2661,2024-02-28 06:10:00,1.26615,1.26596,1.26614
362,1.26606,2024-02-28 06:15:00,1.26624,1.26598,1.26608
363,1.26591,2024-02-28 06:20:00,1.26605,1.26588,1.26605
364,1.266,2024-02-28 06:25:00,1.26604,1.2659,1.2659
365,1.266,2024-02-28 06:30:00,1.26605,1.26593,1.266
366,1.26585,2024-02-28 06:35:00,1.26603,1.26585,1.266
367,1.26586,2024-02-28 06:40:00,1.26591,1.2658,1.26584
368,1.26575,2024-02-28 06:45:00,1.26587,1.26569,1.26585
369,1.26553,2024-02-28 06:50:00,1.26585,1.2655,1.26575
370,1.26555,2024-02-28 06:55:00,1.26556,1.26545,1.26554
371,1.26545,2024-02-28 07:00:00,1.26567,1.26543,1.26554
372,1.26555,2024-02-28 07:05:00,1.26557,1.26512,1.26545
373,1.26555,2024-02-28 07:10:00,1.26556,1.26539,1.26556
374,1.26546,2024-02-28 07:15:00,1.26566,1.26542,1.26554
375,1.26532,2024-02-28 07:20:00,1.26555,1.26531,1.26547
376,1.26509,2024-02-28 07:25:00,1.26533,1.26506,1.26533
377,1.26468,2024-02-28 07:30:00,1.26518,1.26466,1.2651
378,1.26465,2024-02-28 07:35:00,1.26475,1.26452,1.26468
379,1.26458,2024-02-28 07:40:00,1.26467,1.26453,1.26465
380,1.2649,2024-02-28 07:45:00,1.26495,1.26456,1.26458
381,1.2655,2024-02-28 07:50:00,1.26552,1.26485,1.26489
382,1.26598,2024-02-28 07:55:00,1.26611,1.26546,1.2655
383,1.26569,2024-02-28 08:00:00,1.26615,1.26564,1.26599
384,1.26528,2024-02-28 08:05:00,1.26568,1.26494,1.26568
385,1.26508,2024-02-28 08:10:00,1.2653,1.26492,1.2653
386,1.26468,2024-02-28 08:15:00,1.26508,1.26467,1.26508
387,1.26423,2024-02-28 08:20:00,1.26468,1.26407,1.26468
388,1.26374,2024-02-28 08:25:00,1.26424,1.26368,1.26422
389,1.26408,2024-02-28 08:30:00,1.26409,1.26372,1.26374
390,1.26409,2024-02-28 08:35:00,1.26414,1.26399,1.26408
391,1.26366,2024-02-28 08:40:00,1.26409,1.26355,1.26408
392,1.26358,2024-02-28 08:45:00,1.26366,1.26322,1.26365
393,1.26326,2024-02-28 08:50:00,1.26369,1.26324,1.26357
394,1.26354,2024-02-28 08:55:00,1.26356,1.26324,1.26327
395,1.26387,2024-02-28 09:00:00,1.26389,1.26354,1.26354
396,1.26367,2024-02-28 09:05:00,1.2639,1.26337,1.26388
397,1.26359,2024-02-28 09:10:00,1.26378,1.26356,1.26366
398,1.26338,2024-02-28 09:15:00,1.2636,1.26337,1.26358
399,1.26359,2024-02-28 09:20:00,1.2637,1.2633,1.26337
400,1.26368,2024-02-28 09:25:00,1.26368,1.26344,1.26358
401,1.26326,2024-02-28 09:30:00,1.26368,1.26324,1.26368
402,1.26274,2024-02-28 09:35:00,1.26331,1.26245,1.26326
403,1.26286,2024-02-28 09:40:00,1.26325,1.26275,1.26275
404,1.26263,2024-02-28 09:45:00,1.26295,1.26252,1.26285
405,1.26278,2024-02-28 09:50:00,1.26279,1.26237,1.26262
406,1.26254,2024-02-28 09:55:00,1.26307,1.26254,1.26278
407,1.26303,2024-02-28 10:00:00,1.26307,1.2622,1.26254
408,1.26338,2024-02-28 10:05:00,1.26348,1.26301,1.26304
409,1.26355,2024-02-28 10:10:00,1.26356,1.26324,1.26339
410,1.2637,2024-02-28 10:15:00,1.2637,1.26347,1.26355
411,1.26394,2024-02-28 10:20:00,1.26409,1.26365,1.2637
412,1.26424,2024-02-28 10:25:00,1.26438,1.26387,1.26393
413,1.26438,2024-02-28 10:30:00,1.26456,1.26412,1.26423
414,1.26442,2024-02-28 10:35:00,1.26455,1.26432,1.26438
415,1.2646,2024-02-28 10:40:00,1.26461,1.26434,1.26442
416,1.26473,2024-02-28 10:45:00,1.26476,1.2644,1.2646
417,1.26504,2024-02-28 10:50:00,1.26506,1.26465,1.26473
418,1.26498,2024-02-28 10:55:00,1.26518,1.2648,1.26505
419,1.2651,2024-02-28 11:00:00,1.2652,1.26479,1.26498
420,1.26474,2024-02-28 11:05:00,1.26517,1.2647,1.2651
421,1.26429,2024-02-28 11:10:00,1.26475,1.26425,1.26474
422,1.26451,2024-02-28 11:15:00,1.26454,1.26398,1.2643
423,1.2645,2024-02-28 11:20:00,1.26485,1.26443,1.2645
424,1.26493,2024-02-28 11:25:00,1.2651,1.26449,1.26449
425,1.26494,2024-02-28 11:30:00,1.26509,1.26475,1.26492
426,1.26495,2024-02-28 11:35:00,1.26508,1.2648,1.26493
427,1.26514,2024-02-28 11:40:00,1.26529,1.26495,1.26495
428,1.26543,2024-02-28 11:45:00,1.26546,1.26501,1.26515
429,1.26545,2024-02-28 11:50:00,1.26565,1.2652,1.26544
430,1.26528,2024-02-28 11:55:00,1.26576,1.26528,1.26545
431,1.26549,2024-02-28 12:00:00,1.26554,1.26508,1.26526
432,1.26564,2024-02-28 12:05:00,1.26579,1.26541,1.26548
433,1.2656,2024-02-28 12:10:00,1.26571,1.26539,1.26565
434,1.265,2024-02-28 12:15:00,1.2656,1.26489,1.2656
435,1.2643,2024-02-28 12:20:00,1.26508,1.2643,1.265
436,1.26504,2024-02-28 12:25:00,1.26525,1.2643,1.2643
437,1.26442,2024-02-28 12:30:00,1.2651,1.26436,1.26504
438,1.26456,2024-02-28 12:35:00,1.2646,1.2643,1.26442
439,1.26455,2024-02-28 12:40:00,1.26462,1.26442,1.26455
440,1.26439,2024-02-28 12:45:00,1.26474,1.26409,1.26454
441,1.26361,2024-02-28 12:50:00,1.26442,1.26358,1.2644
442,1.26305,2024-02-28 12:55:00,1.26362,1.26294,1.26362
443,1.26342,2024-02-28 13:00:00,1.26356,1.263,1.26306
444,1.26342,2024-02-28 13:05:00,1.26375,1.26325,1.26343
445,1.26416,2024-02-28 13:10:00,1.26418,1.2633,1.26342
446,1.26413,2024-02-28 13:15:00,1.2642,1.26401,1.26417
447,1.26398,2024-02-28 13:20:00,1.26436,1.26396,1.26414
448,1.26408,2024-02-28 13:25:00,1.26419,1.26384,1.26399
449,1.26444,2024-02-28 13:30:00,1.2651,1.26347,1.26409
450,1.26448,2024-02-28 13:35:00,1.26499,1.2642,1.26443
451,1.26454,2024-02-28 13:40:00,1.26455,1.26399,1.26448
452,1.26508,2024-02-28 13:45:00,1.26527,1.26444,1.26452
453,1.2646,2024-02-28 13:50:00,1.26544,1.26458,1.26508
454,1.26439,2024-02-28 13:55:00,1.26475,1.26415,1.2646
455,1.26449,2024-02-28 14:00:00,1.26472,1.26396,1.26439
456,1.26434,2024-02-28 14:05:00,1.26475,1.2642,1.2645
457,1.26371,2024-02-28 14:10:00,1.26434,1.26369,1.26433
458,1.26419,2024-02-28 14:15:00,1.26419,1.26366,1.26372
459,1.26504,2024-02-28 14:20:00,1.26507,1.26414,1.2642
460,1.26522,2024-02-28 14:25:00,1.26545,1.26503,1.26505
461,1.2648,2024-02-28 14:30:00,1.26522,1.26462,1.26521
462,1.26449,2024-02-28 14:35:00,1.26484,1.26438,1.26481
463,1.26482,2024-02-28 14:40:00,1.26514,1.26448,1.26448
464,1.26562,2024-02-28 14:45:00,1.26568,1.26483,1.26483
465,1.26528,2024-02-28 14:50:00,1.26581,1.26522,1.26562
466,1.265,2024-02-28 14:55:00,1.26534,1.26486,1.26528
467,1.2646,2024-02-28 15:00:00,1.26524,1.26447,1.265
468,1.26508,2024-02-28 15:05:00,1.2651,1.2646,1.2646
469,1.26511,2024-02-28 15:10:00,1.26523,1.26467,1.26508
470,1.26526,2024-02-28 15:15:00,1.2655,1.2651,1.2651
471,1.26558,2024-02-28 15:20:00,1.26574,1.26519,1.26527
472,1.2654,2024-02-28 15:25:00,1.26571,1.26528,1.26558
473,1.26518,2024-02-28 15:30:00,1.26543,1.26509,1.2654
474,1.2649,2024-02-28 15:35:00,1.26539,1.2649,1.26518
475,1.26468,2024-02-28 15:40:00,1.26496,1.26458,1.2649
476,1.26493,2024-02-28 15:45:00,1.26494,1.26446,1.26468
477,1.26485,2024-02-28 15:50:00,1.26516,1.26474,1.26494
478,1.26532,2024-02-28 15:55:00,1.26536,1.26486,1.26486
479,1.26535,2024-02-28 16:00:00,1.26542,1.26509,1.26532
480,1.26513,2024-02-28 16:05:00,1.26568,1.2651,1.26536
481,1.26546,2024-02-28 16:10:00,1.26552,1.26512,1.26514
482,1.26568,2024-02-28 16:15:00,1.26571,1.26541,1.26545
483,1.26555,2024-02-28 16:20:00,1.26573,1.26548,1.26569
484,1.26544,2024-02-28 16:25:00,1.2656,1.26532,1.26554
485,1.26565,2024-02-28 16:30:00,1.26572,1.26541,1.26545
486,1.26542,2024-02-28 16:35:00,1.26576,1.26542,1.26566
487,1.26611,2024-02-28 16:40:00,1.26615,1.26532,1.26542
488,1.26661,2024-02-28 16:45:00,1.26662,1.26612,1.26612
489,1.26655,2024-02-28 16:50:00,1.26664,1.26644,1.2666
490,1.2668,2024-02-28 16:55:00,1.26682,1.26634,1.26654
491,1.26718,2024-02-28 17:00:00,1.26718,1.2668,1.26681
492,1.2668,2024-02-28 17:05:00,1.26737,1.26674,1.26717
493,1.26664,2024-02-28 17:10:00,1.26695,1.2666,1.2668
494,1.2667,2024-02-28 17:15:00,1.26676,1.26658,1.26663
495,1.2663,2024-02-28 17:20:00,1.2667,1.26628,1.26669
496,1.26612,2024-02-28 17:25:00,1.26634,1.26612,1.2663
497,1.26579,2024-02-28 17:30:00,1.26614,1.26578,1.26613
498,1.2655,2024-02-28 17:35:00,1.26582,1.26544,1.2658
499,1.26585,2024-02-28 17:40:00,1.26587,1.26536,1.2655
500,1.26604,2024-02-28 17:45:00,1.26609,1.26574,1.26585
501,1.26613,2024-02-28 17:50:00,1.26616,1.2659,1.26604
502,1.26599,2024-02-28 17:55:00,1.26614,1.26596,1.26612
503,1.26593,2024-02-28 18:00:00,1.26605,1.26575,1.26599
504,1.2659,2024-02-28 18:05:00,1.2662,1.26584,1.26594
505,1.26578,2024-02-28 18:10:00,1.26591,1.2656,1.26591
506,1.26565,2024-02-28 18:15:00,1.26584,1.26564,1.26578
507,1.26611,2024-02-28 18:20:00,1.26612,1.26562,1.26565
508,1.26596,2024-02-28 18:25:00,1.26615,1.26595,1.26612
509,1.26592,2024-02-28 18:30:00,1.26606,1.2658,1.26595
510,1.26604,2024-02-28 18:35:00,1.26614,1.26592,1.26593
511,1.26584,2024-02-28 18:40:00,1.26606,1.26572,1.26604
512,1.26561,2024-02-28 18:45:00,1.26595,1.2656,1.26583
513,1.2656,2024-02-28 18:50:00,1.26569,1.2656,1.2656
514,1.26565,2024-02-28 18:55:00,1.26576,1.26552,1.2656
515,1.26565,2024-02-28 19:00:00,1.26572,1.2656,1.26564
516,1.26561,2024-02-28 19:05:00,1.26565,1.26553,1.26565
517,1.26554,2024-02-28 19:10:00,1.26564,1.26552,1.2656
518,1.2656,2024-02-28 19:15:00,1.26562,1.26546,1.26553
519,1.26577,2024-02-28 19:20:00,1.26579,1.26556,1.2656
520,1.26564,2024-02-28 19:25:00,1.2658,1.26561,1.26576
521,1.26537,2024-02-28 19:30:00,1.26564,1.26536,1.26564
522,1.26527,2024-02-28 19:35:00,1.26543,1.26518,1.26536
523,1.26547,2024-02-28 19:40:00,1.2655,1.26526,1.26526
524,1.2653,2024-02-28 19:45:00,1.26557,1.2653,1.26548
525,1.26532,2024-02-28 19:50:00,1.26534,1.26514,1.2653
526,1.26535,2024-02-28 19:55:00,1.26536,1.2652,1.26533
527,1.26543,2024-02-28 20:00:00,1.26546,1.26521,1.26535
528,1.26552,2024-02-28 20:05:00,1.26554,1.26525,1.26544
529,1.26552,2024-02-28 20:10:00,1.26554,1.26542,1.26552
530,1.26546,2024-02-28 20:15:00,1.26552,1.26531,1.26552
531,1.2659,2024-02-28 20:20:00,1.26591,1.26545,1.26546
532,1.26636,2024-02-28 20:25:00,1.26642,1.26588,1.2659
533,1.26623,2024-02-28 20:30:00,1.26637,1.26619,1.26636
534,1.26612,2024-02-28 20:35:00,1.26625,1.26609,1.26622
535,1.26607,2024-02-28 20:40:00,1.26614,1.26606,1.26612
536,1.2661,2024-02-28 20:45:00,1.26614,1.26604,1.26606
537,1.266,2024-02-28 20:50:00,1.26614,1.26596,1.2661
538,1.26613,2024-02-28 20:55:00,1.26615,1.26599,1.26601
539,1.26596,2024-02-28 21:00:00,1.26612,1.26592,1.26612
540,1.26601,2024-02-28 21:05:00,1.26607,1.26594,1.26597
541,1.26606,2024-02-28 21:10:00,1.26608,1.26599,1.26601
542,1.26605,2024-02-28 21:15:00,1.26607,1.266,1.26606
543,1.26601,2024-02-28 21:20:00,1.26607,1.26599,1.26605
544,1.26613,2024-02-28 21:25:00,1.26616,1.26597,1.26601
545,1.26615,2024-02-28 21:30:00,1.2663,1.26612,1.26614
546,1.26615,2024-02-28 21:35:00,1.26624,1.26614,1.26616
547,1.26606,2024-02-28 21:40:00,1.26615,1.26602,1.26615
548,1.266,2024-02-28 21:45:00,1.26606,1.26591,1.26605
549,1.26611,2024-02-28 21:50:00,1.26618,1.266,1.26601
550,1.26616,2024-02-28 21:55:00,1.26624,1.2661,1.26612
551,1.2662,2024-02-28 22:05:00,1.2664,1.266,1.266
552,1.26627,2024-02-28 22:10:00,1.2663,1.26568,1.2662
553,1.2661,2024-02-28 22:15:00,1.2663,1.26605,1.2663
554,1.26621,2024-02-28 22:20:00,1.26622,1.26606,1.26614
555,1.26599,2024-02-28 22:25:00,1.2662,1.26599,1.26619
556,1.2661,2024-02-28 22:30:00,1.26638,1.26586,1.26598
557,1.26608,2024-02-28 22:35:00,1.26629,1.26598,1.2661
558,1.2661,2024-02-28 22:40:00,1.26629,1.26605,1.26609
559,1.26606,2024-02-28 22:45:00,1.26618,1.26581,1.26614
560,1.26608,2024-02-28 22:50:00,1.26616,1.26591,1.26605
561,1.26612,2024-02-28 22:55:00,1.26621,1.26588,1.26608
562,1.2661,2024-02-28 23:00:00,1.26619,1.266,1.26606
563,1.26612,2024-02-28 23:05:00,1.26616,1.26606,1.26611
564,1.26615,2024-02-28 23:10:00,1.26616,1.26606,1.26611
565,1.26625,2024-02-28 23:15:00,1.26625,1.26613,1.26615
566,1.26614,2024-02-28 23:20:00,1.26626,1.26612,1.26626
567,1.26604,2024-02-28 23:25:00,1.26616,1.26604,1.26615
568,1.26605,2024-02-28 23:30:00,1.26605,1.26592,1.26604
569,1.26605,2024-02-28 23:35:00,1.26605,1.26601,1.26604
570,1.26612,2024-02-28 23:40:00,1.26619,1.26596,1.26604
571,1.26604,2024-02-28 23:45:00,1.26617,1.26602,1.26612
572,1.26592,2024-02-28 23:50:00,1.26605,1.2659,1.26604
573,1.26616,2024-02-28 23:55:00,1.26616,1.26592,1.26592
574,1.26603,2024-02-29 00:00:00,1.26626,1.26603,1.26616
575,1.26616,2024-02-29 00:05:00,1.26625,1.26604,1.26604
576,1.26614,2024-02-29 00:10:00,1.26619,1.26604,1.26616
577,1.2661,2024-02-29 00:15:00,1.26615,1.26606,1.26615
578,1.26612,2024-02-29 00:20:00,1.26621,1.26604,1.2661
579,1.26605,2024-02-29 00:25:00,1.26616,1.26605,1.26612
580,1.26594,2024-02-29 00:30:00,1.2661,1.2659,1.26605
581,1.26588,2024-02-29 00:35:00,1.26598,1.26588,1.26593
582,1.26588,2024-02-29 00:40:00,1.26592,1.26573,1.26588
583,1.26604,2024-02-29 00:45:00,1.26605,1.26585,1.26589
584,1.26599,2024-02-29 00:50:00,1.26606,1.26574,1.26604
585,1.26611,2024-02-29 00:55:00,1.26616,1.26587,1.26599
586,1.26647,2024-02-29 01:00:00,1.26655,1.26612,1.26612
587,1.26644,2024-02-29 01:05:00,1.26656,1.26621,1.26646
588,1.26614,2024-02-29 01:10:00,1.26644,1.26608,1.26644
589,1.2663,2024-02-29 01:15:00,1.26646,1.26607,1.26614
590,1.26623,2024-02-29 01:20:00,1.26632,1.26615,1.2663
591,1.26641,2024-02-29 01:25:00,1.26645,1.26621,1.26622
592,1.2664,2024-02-29 01:30:00,1.26648,1.26627,1.26642
593,1.26654,2024-02-29 01:35:00,1.26665,1.2664,1.2664
594,1.26663,2024-02-29 01:40:00,1.2667,1.26652,1.26654
595,1.2662,2024-02-29 01:45:00,1.26665,1.26614,1.26664
596,1.26604,2024-02-29 01:50:00,1.26621,1.266,1.2662
597,1.26593,2024-02-29 01:55:00,1.2661,1.2657,1.26604
598,1.266,2024-02-29 02:00:00,1.2662,1.26588,1.26594
599,1.26611,2024-02-29 02:05:00,1.26616,1.26585,1.26599
600,1.2663,2024-02-29 02:10:00,1.26635,1.26606,1.26612
601,1.26625,2024-02-29 02:15:00,1.26634,1.26612,1.2663
602,1.26662,2024-02-29 02:20:00,1.26665,1.26623,1.26624
603,1.26664,2024-02-29 02:25:00,1.26678,1.26654,1.26663
604,1.26664,2024-02-29 02:30:00,1.26668,1.26633,1.26665
605,1.26664,2024-02-29 02:35:00,1.26667,1.26651,1.26664
606,1.26657,2024-02-29 02:40:00,1.26667,1.26648,1.26665
607,1.26646,2024-02-29 02:45:00,1.26658,1.26644,1.26656
608,1.26674,2024-02-29 02:50:00,1.26677,1.26644,1.26647
609,1.26683,2024-02-29 02:55:00,1.26689,1.26668,1.26674
610,1.26695,2024-02-29 03:00:00,1.26699,1.26678,1.26684
611,1.26666,2024-02-29 03:05:00,1.26698,1.26664,1.26696
612,1.26678,2024-02-29 03:10:00,1.2669,1.26655,1.26666
613,1.26667,2024-02-29 03:15:00,1.26678,1.26665,1.26678
614,1.26657,2024-02-29 03:20:00,1.26668,1.26655,1.26668
615,1.26672,2024-02-29 03:25:00,1.2668,1.26655,1.26656
616,1.26673,2024-02-29 03:30:00,1.26678,1.26667,1.26671
617,1.26688,2024-02-29 03:35:00,1.26688,1.2667,1.26672
618,1.26675,2024-02-29 03:40:00,1.26691,1.2667,1.26688
619,1.26678,2024-02-29 03:45:00,1.26686,1.26675,1.26675
620,1.26682,2024-02-29 03:50:00,1.26686,1.26677,1.26677
621,1.26682,2024-02-29 03:55:00,1.26692,1.26681,1.26683
622,1.26672,2024-02-29 04:00:00,1.26682,1.2667,1.26682
623,1.26688,2024-02-29 04:05:00,1.26688,1.2667,1.26672
624,1.26694,2024-02-29 04:10:00,1.26698,1.26678,1.26688
625,1.26692,2024-02-29 04:15:00,1.26702,1.26684,1.26694
626,1.26711,2024-02-29 04:20:00,1.26715,1.26688,1.26692
627,1.26693,2024-02-29 04:25:00,1.26714,1.26688,1.2671
628,1.26702,2024-02-29 04:30:00,1.26702,1.26686,1.26693
629,1.26688,2024-02-29 04:35:00,1.26702,1.26685,1.26701
630,1.2669,2024-02-29 04:40:00,1.26694,1.26684,1.26688
631,1.26662,2024-02-29 04:45:00,1.26693,1.26652,1.26692
632,1.26662,2024-02-29 04:50:00,1.26667,1.26655,1.26661
633,1.26675,2024-02-29 04:55:00,1.26684,1.26662,1.26663
634,1.26686,2024-02-29 05:00:00,1.26696,1.26677,1.26678
635,1.26664,2024-02-29 05:05:00,1.26695,1.26664,1.26687
636,1.26661,2024-02-29 05:10:00,1.26665,1.26644,1.26664
637,1.26654,2024-02-29 05:15:00,1.26664,1.26647,1.26662
638,1.26662,2024-02-29 05:20:00,1.26664,1.26642,1.26653
639,1.2664,2024-02-29 05:25:00,1.26662,1.26634,1.26662
640,1.26645,2024-02-29 05:30:00,1.2665,1.26624,1.26641
641,1.26652,2024-02-29 05:35:00,1.26653,1.2664,1.26646
642,1.26667,2024-02-29 05:40:00,1.26668,1.26644,1.26653
643,1.26677,2024-02-29 05:45:00,1.26684,1.26668,1.26668
644,1.26683,2024-02-29 05:50:00,1.26686,1.2667,1.26678
645,1.26666,2024-02-29 05:55:00,1.26685,1.26656,1.26682
646,1.26655,2024-02-29 06:00:00,1.26668,1.26646,1.26666
647,1.26621,2024-02-29 06:05:00,1.26662,1.2662,1.26657
648,1.26624,2024-02-29 06:10:00,1.26633,1.2662,1.26621
649,1.26639,2024-02-29 06:15:00,1.26654,1.26619,1.26624
650,1.26634,2024-02-29 06:20:00,1.26642,1.26624,1.2664
651,1.26644,2024-02-29 06:25:00,1.26647,1.26631,1.26632
652,1.26657,2024-02-29 06:30:00,1.26662,1.26644,1.26644
653,1.26671,2024-02-29 06:35:00,1.26686,1.26656,1.26656
654,1.26665,2024-02-29 06:40:00,1.26676,1.26652,1.26672
655,1.26654,2024-02-29 06:45:00,1.2667,1.26643,1.26665
656,1.2666,2024-02-29 06:50:00,1.26662,1.26642,1.26654
657,1.26641,2024-02-29 06:55:00,1.26662,1.26636,1.2666
658,1.26635,2024-02-29 07:00:00,1.26644,1.26601,1.26642
659,1.26673,2024-02-29 07:05:00,1.2668,1.26623,1.26634
660,1.26634,2024-02-29 07:10:00,1.26678,1.26632,1.26674
661,1.26634,2024-02-29 07:15:00,1.26653,1.26623,1.26634
662,1.26616,2024-02-29 07:20:00,1.26637,1.26604,1.26633
663,1.2659,2024-02-29 07:25:00,1.26617,1.26571,1.26617
664,1.26576,2024-02-29 07:30:00,1.26601,1.2657,1.26589
665,1.26588,2024-02-29 07:35:00,1.26599,1.26542,1.26576
666,1.26624,2024-02-29 07:40:00,1.26634,1.26584,1.26588
667,1.26558,2024-02-29 07:45:00,1.26644,1.26538,1.26625
668,1.2656,2024-02-29 07:50:00,1.2658,1.2653,1.26557
669,1.26542,2024-02-29 07:55:00,1.26566,1.26528,1.2656
670,1.26593,2024-02-29 08:00:00,1.26634,1.26537,1.26541
671,1.26586,2024-02-29 08:05:00,1.2662,1.26582,1.26594
672,1.26596,2024-02-29 08:10:00,1.26601,1.26544,1.26587
673,1.26676,2024-02-29 08:15:00,1.26688,1.26593,1.26596
674,1.26654,2024-02-29 08:20:00,1.26684,1.2664,1.26677
675,1.26648,2024-02-29 08:25:00,1.2667,1.26627,1.26654
676,1.26646,2024-02-29 08:30:00,1.26666,1.2663,1.26649
677,1.26667,2024-02-29 08:35:00,1.26678,1.26642,1.26648
678,1.26676,2024-02-29 08:40:00,1.26696,1.26662,1.26668
679,1.26667,2024-02-29 08:45:00,1.26684,1.26651,1.26675
680,1.26654,2024-02-29 08:50:00,1.26678,1.26642,1.26666
681,1.26645,2024-02-29 08:55:00,1.2667,1.26615,1.26654
682,1.2669,2024-02-29 09:00:00,1.26695,1.26632,1.26646
683,1.26724,2024-02-29 09:05:00,1.26746,1.26688,1.2669
684,1.26674,2024-02-29 09:10:00,1.26725,1.26662,1.26725
685,1.2665,2024-02-29 09:15:00,1.2668,1.26621,1.26673
686,1.26626,2024-02-29 09:20:00,1.26657,1.26613,1.2665
687,1.26585,2024-02-29 09:25:00,1.26628,1.26581,1.26626
688,1.26618,2024-02-29 09:30:00,1.26625,1.26586,1.26586
689,1.26586,2024-02-29 09:35:00,1.26624,1.26561,1.26619
690,1.26608,2024-02-29 09:40:00,1.2661,1.26573,1.26587
691,1.26617,2024-02-29 09:45:00,1.26618,1.26582,1.26608
692,1.26658,2024-02-29 09:50:00,1.26659,1.26606,1.26618
693,1.26665,2024-02-29 09:55:00,1.26678,1.26632,1.26658
694,1.26714,2024-02-29 10:00:00,1.26726,1.26665,1.26665
695,1.26709,2024-02-29 10:05:00,1.26746,1.26694,1.26714
696,1.26695,2024-02-29 10:10:00,1.2672,1.26684,1.26708
697,1.26714,2024-02-29 10:15:00,1.26714,1.26688,1.26695
698,1.26698,2024-02-29 10:20:00,1.26728,1.26683,1.26715
699,1.26676,2024-02-29 10:25:00,1.26708,1.26674,1.26698
700,1.26649,2024-02-29 10:30:00,1.2669,1.26644,1.26676
701,1.26619,2024-02-29 10:35:00,1.26649,1.26596,1.26649
702,1.26603,2024-02-29 10:40:00,1.2664,1.26603,1.26619
703,1.26621,2024-02-29 10:45:00,1.26628,1.26587,1.26602
704,1.26601,2024-02-29 10:50:00,1.26634,1.26588,1.2662
705,1.26581,2024-02-29 10:55:00,1.26602,1.26578,1.266
706,1.26588,2024-02-29 11:00:00,1.26617,1.26572,1.2658
707,1.2663,2024-02-29 11:05:00,1.2663,1.26576,1.26587
708,1.26633,2024-02-29 11:10:00,1.26654,1.26606,1.26629
709,1.26634,2024-02-29 11:15:00,1.2664,1.2659,1.26632
710,1.26636,2024-02-29 11:20:00,1.26652,1.26628,1.26635
711,1.26552,2024-02-29 11:25:00,1.26637,1.26552,1.26637
712,1.2655,2024-02-29 11:30:00,1.2658,1.2654,1.26553
713,1.26506,2024-02-29 11:35:00,1.26554,1.26484,1.26549
714,1.2649,2024-02-29 11:40:00,1.26537,1.26484,1.26506
715,1.26516,2024-02-29 11:45:00,1.2653,1.2648,1.2649
716,1.26566,2024-02-29 11:50:00,1.26566,1.26503,1.26515
717,1.26512,2024-02-29 11:55:00,1.2657,1.26504,1.26566
718,1.26497,2024-02-29 12:00:00,1.26537,1.26485,1.26512
719,1.26478,2024-02-29 12:05:00,1.26512,1.26468,1.26496
720,1.26437,2024-02-29 12:10:00,1.2648,1.2642,1.26477
721,1.2646,2024-02-29 12:15:00,1.26492,1.26433,1.26436
722,1.2639,2024-02-29 12:20:00,1.2646,1.2639,1.2646
723,1.26403,2024-02-29 12:25:00,1.26419,1.2638,1.26391
724,1.26449,2024-02-29 12:30:00,1.26465,1.26402,1.26405
725,1.2644,2024-02-29 12:35:00,1.2647,1.26436,1.2645
726,1.26453,2024-02-29 12:40:00,1.26471,1.2644,1.2644
727,1.2643,2024-02-29 12:45:00,1.26463,1.26424,1.26454
728,1.26432,2024-02-29 12:50:00,1.26454,1.26427,1.2643
729,1.26427,2024-02-29 12:55:00,1.26444,1.26419,1.26433
730,1.26357,2024-02-29 13:00:00,1.26427,1.26353,1.26426
731,1.26389,2024-02-29 13:05:00,1.26397,1.26351,1.26356
732,1.26378,2024-02-29 13:10:00,1.26396,1.26357,1.26388
733,1.26404,2024-02-29 13:15:00,1.2641,1.26374,1.26376
734,1.2643,2024-02-29 13:20:00,1.2645,1.26403,1.26404
735,1.26401,2024-02-29 13:25:00,1.2643,1.26365,1.2643
736,1.26464,2024-02-29 13:30:00,1.26582,1.2638,1.264
737,1.26455,2024-02-29 13:35:00,1.26514,1.26447,1.26464
738,1.26504,2024-02-29 13:40:00,1.26534,1.26434,1.26455
739,1.26551,2024-02-29 13:45:00,1.26552,1.26486,1.26504
740,1.26526,2024-02-29 13:50:00,1.26568,1.26499,1.2655
741,1.26523,2024-02-29 13:55:00,1.26558,1.26514,1.26526
742,1.2659,2024-02-29 14:00:00,1.26594,1.26514,1.26524
743,1.26615,2024-02-29 14:05:00,1.26631,1.26575,1.26589
744,1.26646,2024-02-29 14:10:00,1.26676,1.26615,1.26615
745,1.26634,2024-02-29 14:15:00,1.2666,1.26603,1.26645
746,1.26665,2024-02-29 14:20:00,1.26672,1.26634,1.26634
747,1.26656,2024-02-29 14:25:00,1.2668,1.26646,1.26666
748,1.26636,2024-02-29 14:30:00,1.26672,1.26633,1.26658
749,1.26591,2024-02-29 14:35:00,1.26642,1.26564,1.26636
750,1.26654,2024-02-29 14:40:00,1.26668,1.26563,1.26589
751,1.26644,2024-02-29 14:45:00,1.2668,1.26642,1.26654
752,1.2663,2024-02-29 14:50:00,1.26685,1.2663,1.26644
753,1.26674,2024-02-29 14:55:00,1.26684,1.2662,1.2663
754,1.26755,2024-02-29 15:00:00,1.26798,1.26676,1.26676
755,1.26794,2024-02-29 15:05:00,1.2682,1.26756,1.26756
756,1.26777,2024-02-29 15:10:00,1.26802,1.26746,1.26794
757,1.26745,2024-02-29 15:15:00,1.26784,1.26742,1.26776
758,1.26746,2024-02-29 15:20:00,1.26783,1.26732,1.26744
759,1.26754,2024-02-29 15:25:00,1.26782,1.26727,1.26746
760,1.26692,2024-02-29 15:30:00,1.26781,1.26673,1.26754
761,1.26722,2024-02-29 15:35:00,1.26722,1.26692,1.26693
762,1.26667,2024-02-29 15:40:00,1.26754,1.26665,1.26722
763,1.26626,2024-02-29 15:45:00,1.26669,1.26615,1.26666
764,1.26445,2024-02-29 15:50:00,1.26634,1.26444,1.26626
765,1.26499,2024-02-29 15:55:00,1.26514,1.26436,1.26444
766,1.26466,2024-02-29 16:00:00,1.26513,1.26447,1.265
767,1.2641,2024-02-29 16:05:00,1.26477,1.26401,1.26467
768,1.2637,2024-02-29 16:10:00,1.26439,1.2637,1.2641
769,1.26358,2024-02-29 16:15:00,1.2639,1.26332,1.26371
770,1.26365,2024-02-29 16:20:00,1.26386,1.26322,1.26359
771,1.26336,2024-02-29 16:25:00,1.2638,1.26334,1.26366
772,1.2636,2024-02-29 16:30:00,1.26369,1.26329,1.26336
773,1.2636,2024-02-29 16:35:00,1.26405,1.2635,1.26361
774,1.2636,2024-02-29 16:40:00,1.2637,1.2633,1.2636
775,1.26379,2024-02-29 16:45:00,1.26388,1.26346,1.26358
776,1.26349,2024-02-29 16:50:00,1.26387,1.26347,1.26378
777,1.26318,2024-02-29 16:55:00,1.26356,1.2631,1.2635
778,1.26283,2024-02-29 17:00:00,1.2632,1.26281,1.26316
